d0 1 1 1 1 2 1 2 1 2 2 2 1 1 2 2 1 2 2 1 1 1 1 1 2 
d1 1 1 1 1 2 1 1 1 
d2 0 0 1 1 0 2 1 0 2 0 1 2 2 1 0 0 1 2 0 1 1 2 1 1 1 1 1 
d3 1 1 1 1 1 2 1 1 1 1 2 1 1 1 1 2 0 0 1 2 0 1 1 1 1 1 1 1 1 1 
d4 2 2 0 0 0 0 2 0 2 0 0 0 0 2 1 0 2 
d5 0 0 0 0 0 0 0 1 1 1 1 0 0 
d6 0 2 0 1 1 2 0 2 0 0 2 1 1 1 1 0 1 1 0 2 2 1 1 2 2 1 2 
d7 2 1 1 1 1 
d8 1 1 0 1 1 1 2 1 1 2 2 2 2 0 1 2 1 1 1 
d9 2 2 1 2 0 2 1 1 1 2 2 2 1 1 1 2 0 1 1 2 1 2 1 0 1 1 2 0 2 1 2 1 0 0 2 2 
d10 1 0 1 0 0 0 1 1 1 1 
d11 0 0 0 1 1 0 1 0 0 1 0 1 1 1 1 1 
d12 2 2 1 1 
d13 2 2 1 1 1 2 1 2 
d14 2 2 2 1 1 2 2 2 
d15 2 0 2 1 1 1 0 1 0 0 0 1 2 0 
d16 1 0 1 1 0 0 0 1 0 0 2 0 1 1 0 
d17 0 0 1 0 1 1 1 1 1 1 1 0 2 0 2 1 1 1 1 2 0 2 1 1 1 2 0 1 1 1 2 1 
d18 0 0 1 0 0 0 1 0 0 0 2 1 0 1 0 0 1 1 0 
d19 0 1 0 0 1 1 0 1 0 0 1 1 1 1 1 0 0 1 1 0 1 1 1 0 0 
d20 2 2 2 2 2 1 1 2 1 1 1 2 2 2 2 1 1 2 2 
d21 2 1 1 1 1 2 2 1 2 1 2 2 2 1 2 2 1 1 2 2 2 2 1 2 1 
d22 2 1 2 1 1 2 2 1 2 2 1 1 1 2 1 1 1 1 1 1 1 2 2 2 1 2 2 2 1 2 1 1 
d23 1 0 1 1 0 1 0 1 2 1 1 
d24 0 0 1 1 1 0 1 0 1 0 2 0 0 0 1 0 0 1 1 2 1 1 1 1 1 
d25 1 0 1 2 0 1 1 0 1 2 0 0 0 0 2 1 1 0 2 1 1 2 0 2 1 
d26 1 1 1 1 0 0 1 1 1 1 1 1 1 1 1 
d27 2 2 0 2 2 2 2 2 2 2 2 2 2 2 1 1 2 2 1 1 2 1 2 2 1 2 2 1 0 2 1 2 2 2 2 2 
d28 2 2 1 2 1 1 0 2 1 2 2 2 2 1 1 1 1 2 1 2 1 0 2 1 1 2 2 1 2 
d29 1 1 2 1 0 2 0 1 1 1 1 0 1 2 0 0 
d30 2 2 1 2 2 2 1 2 2 1 1 1 1 1 1 1 
d31 0 0 2 2 1 1 0 1 1 1 0 2 1 2 1 2 0 2 1 2 
d32 1 1 1 1 1 
d33 2 1 1 1 1 1 1 2 1 1 2 2 1 1 1 1 2 2 2 1 2 1 2 1 2 
d34 0 1 0 0 1 0 0 0 0 1 1 
d35 0 2 1 2 2 2 2 2 0 
d36 1 1 2 2 1 1 1 1 2 2 1 1 2 2 1 1 2 
d37 1 0 1 1 1 1 1 1 1 1 1 1 1 1 1 1 1 1 0 1 1 1 1 1 0 0 1 1 1 1 1 1 1 1 0 1 1 1 1 1 1 1 1 1 1 1 
d38 1 1 0 1 1 1 1 1 1 1 1 1 1 
d39 1 1 1 1 0 2 1 1 1 1 1 
d40 2 2 1 2 1 1 1 1 1 2 2 1 1 1 1 1 
d41 2 1 2 1 1 2 1 1 2 1 1 
d42 1 2 2 1 2 1 0 2 2 2 1 0 1 2 2 1 2 1 1 1 2 2 
d43 1 1 2 0 2 1 1 1 1 1 1 2 2 1 0 1 0 2 1 1 1 0 1 1 1 2 1 0 0 1 1 0 0 1 0 1 
d44 2 2 2 2 2 1 2 1 2 2 2 2 1 2 2 2 1 1 2 2 1 1 
d45 1 1 2 1 1 0 0 0 0 1 1 0 1 0 
d46 0 1 0 0 0 1 1 1 0 1 1 1 1 0 0 1 1 1 0 1 0 1 1 0 1 0 1 0 0 1 1 0 0 1 0 
d47 0 0 2 1 1 1 1 1 0 2 0 2 2 1 2 2 2 1 1 1 1 1 1 2 1 2 1 0 2 1 1 2 1 1 0 2 1 1 1 1 1 1 1 1 1 1 1 1 
d48 1 2 1 1 1 2 2 1 1 1 2 1 1 1 1 1 1 1 1 
d49 0 0 0 1 0 1 
d50 1 2 2 2 1 1 2 1 1 
d51 1 0 1 0 1 1 0 1 1 2 1 0 0 1 1 2 0 2 0 0 0 0 1 1 0 0 0 0 1 1 0 1 0 0 0 0 2 0 1 2 0 
d52 2 2 1 1 1 1 1 1 1 1 1 1 
d53 2 1 1 1 1 1 2 0 1 0 1 0 1 
d54 2 2 1 2 1 1 1 1 1 1 1 2 1 1 2 1 2 2 
d55 2 1 1 2 1 1 1 1 1 
d56 0 2 0 2 2 0 2 0 2 2 2 0 2 2 2 
d57 0 0 0 0 1 1 0 0 1 1 0 0 0 1 0 
d58 1 1 1 0 1 1 1 1 2 1 1 1 2 1 1 1 2 1 1 1 1 1 0 1 2 1 1 1 2 2 1 0 1 1 1 1 1 1 2 1 2 1 2 1 1 0 0 2 1 1 1 1 0 1 1 1 1 2 1 1 1 1 2 1 1 1 1 0 1 1 1 1 1 1 1 
d59 1 1 0 0 0 0 1 1 1 1 
d60 0 1 0 0 1 0 0 1 0 1 0 1 0 1 1 1 1 
d61 2 2 0 0 1 1 2 1 1 1 1 1 2 1 2 
d62 0 0 2 2 2 1 
d63 2 0 0 1 0 2 2 2 
d64 1 2 0 2 1 0 1 1 0 1 0 0 0 0 1 1 
d65 1 0 1 1 1 0 2 1 1 2 2 1 1 2 1 0 1 1 2 1 1 2 1 
d66 1 1 1 2 1 1 1 1 2 1 1 1 1 1 2 1 1 1 1 1 1 
d67 1 2 1 0 2 1 0 1 0 0 1 1 0 1 1 0 1 1 0 0 1 1 1 1 0 0 0 1 0 1 0 1 1 1 1 
d68 1 0 0 0 0 0 1 1 0 0 0 1 1 0 
d69 0 2 2 0 1 1 2 2 2 2 0 2 2 
d70 0 0 0 1 0 1 1 0 0 1 
d71 1 0 0 1 1 2 0 
d72 1 1 1 1 1 1 1 1 1 1 1 1 
d73 2 2 2 2 0 2 1 2 2 0 2 1 0 1 1 0 0 1 2 1 1 1 1 
d74 2 2 1 1 1 1 1 1 
d75 2 1 1 2 1 1 1 1 2 1 
d76 1 1 1 2 2 1 1 2 1 2 1 2 1 2 2 1 2 2 1 2 
d77 1 0 1 1 1 1 0 1 0 1 1 1 0 1 0 1 1 1 
d78 1 1 1 1 1 0 
d79 1 1 2 1 2 0 2 0 0 1 0 1 2 1 1 2 1 0 1 0 1 1 2 1 1 0 2 1 1 2 2 2 1 2 2 1 1 2 2 1 1 2 0 2 1 2 2 0 1 1 2 2 1 1 1 1 1 1 1 1 1 1 2 
d80 2 2 2 2 1 2 1 2 1 2 2 
d81 1 1 1 1 0 2 1 1 0 0 1 0 0 2 1 1 1 1 1 0 0 1 1 2 1 1 1 1 1 1 0 1 1 0 1 0 0 2 1 0 0 0 0 1 1 1 1 0 1 2 0 0 1 0 1 0 1 0 1 1 1 2 1 1 0 1 2 0 1 1 2 1 2 1 0 1 1 0 1 2 1 1 1 1 1 1 1 0 
d82 2 0 0 0 0 0 1 1 1 2 1 0 1 1 1 0 1 1 1 2 
d83 0 1 1 1 0 0 0 1 0 1 1 
d84 1 0 2 0 0 1 0 0 2 2 0 2 0 0 1 0 1 0 0 2 0 0 2 0 
d85 0 0 0 0 0 1 
d86 0 1 0 0 0 1 0 0 0 1 1 2 0 0 1 2 1 0 0 1 0 1 0 1 0 0 0 2 0 2 1 0 1 2 0 0 0 0 2 2 1 0 2 2 0 0 1 2 2 0 0 0 2 1 1 1 2 1 1 0 1 2 1 2 1 0 2 2 
d87 0 1 2 1 0 0 1 1 1 0 0 0 1 1 0 1 1 1 1 1 1 1 0 1 1 1 1 1 1 2 2 2 1 1 1 1 1 1 2 2 1 
d88 0 0 0 1 1 1 1 2 1 0 1 0 1 0 0 1 1 1 0 1 1 
d89 1 1 0 0 1 1 0 1 1 0 1 1 0 1 1 
d90 2 0 1 1 1 1 1 1 1 0 1 1 1 2 2 0 0 1 2 1 2 0 2 1 1 0 0 1 1 1 2 2 0 2 2 0 1 2 0 2 1 2 1 1 0 2 1 1 1 2 
d91 2 1 2 0 2 2 2 2 2 2 1 0 2 0 2 2 0 
d92 2 1 1 0 1 2 2 1 
d93 1 2 0 1 1 2 
d94 2 0 0 1 0 2 0 2 1 0 1 1 1 1 1 1 1 1 
d95 2 2 2 0 0 2 0 0 0 0 1 1 1 1 1 2 2 0 
d96 0 1 0 2 0 0 0 2 2 0 1 1 1 0 1 1 0 0 1 0 2 0 0 0 1 0 1 2 0 0 0 0 0 1 0 0 0 2 1 1 0 1 0 1 1 0 1 0 0 0 0 1 1 2 1 0 0 0 0 1 0 0 1 1 1 1 1 0 2 0 
d97 2 1 1 2 1 1 1 1 2 1 1 1 1 
d98 0 1 1 0 0 1 1 
d99 1 0 0 0 0 0 0 1 0 1 1 1 0 0 0 1 0 0 0 0 1 1 0 0 1 1 0 0 0 1 1 1 0 0 0 0 1 
d100 1 1 0 0 1 1 2 0 2 1 1 1 2 1 1 0 1 1 2 0 1 1 1 1 1 
d101 2 2 1 1 1 1 1 1 1 1 1 1 1 1 1 1 0 1 1 1 1 1 1 1 1 1 1 
d102 2 1 2 1 1 1 1 0 1 1 1 1 1 1 0 1 1 1 
d103 2 2 1 1 2 2 2 2 1 
d104 0 2 1 1 2 2 1 0 2 2 2 1 1 2 0 1 1 0 1 1 2 0 1 1 0 2 0 1 1 1 0 2 0 0 0 1 1 1 1 1 1 
d105 0 1 1 1 0 1 1 1 1 0 0 2 0 1 1 1 1 0 0 0 0 1 0 0 1 1 0 2 0 1 1 1 2 1 0 
d106 2 0 0 0 0 0 1 
d107 1 1 2 1 1 1 1 2 1 1 2 0 2 1 2 2 1 1 1 1 1 1 1 1 1 1 2 2 2 2 1 2 2 1 1 2 
d108 1 1 1 1 1 1 1 1 1 2 2 1 1 2 1 1 1 1 1 1 1 1 
d109 2 0 2 1 1 1 2 2 0 1 0 0 2 1 0 2 1 1 1 1 1 0 0 0 
d110 1 2 0 1 0 1 0 1 0 2 1 1 0 2 2 1 2 1 
d111 0 0 2 2 2 1 0 0 1 2 1 2 2 2 2 1 2 2 0 2 2 2 
d112 1 1 1 1 1 1 1 1 0 1 1 1 0 1 1 2 1 1 1 1 1 1 0 0 1 1 1 1 1 1 1 1 1 1 
d113 2 0 2 1 2 2 0 1 0 0 1 1 0 2 0 2 2 1 1 1 2 2 2 
d114 1 0 2 1 2 1 1 0 2 2 2 1 2 2 
d115 0 0 1 0 1 1 
d116 2 0 0 0 2 0 2 
d117 0 0 0 1 1 
d118 1 2 1 1 1 2 1 2 1 1 0 1 0 2 1 1 1 1 1 2 1 2 0 1 1 2 
d119 2 1 1 0 1 1 0 2 1 1 1 0 0 1 1 2 2 1 1 2 2 1 0 1 2 1 0 2 0 1 1 1 2 2 1 1 0 2 2 1 1 2 1 1 2 2 1 0 1 
d120 0 0 0 1 0 0 0 1 0 0 1 1 1 1 1 1 1 1 1 1 0 1 0 1 1 1 1 1 1 1 0 
d121 2 1 1 2 2 
d122 0 2 0 1 1 0 2 1 1 1 2 1 0 
d123 0 1 2 2 1 0 1 2 0 1 2 0 1 2 1 0 1 0 1 1 1 1 
d124 1 0 1 2 1 2 1 2 
d125 0 0 0 0 0 0 2 0 0 2 0 2 0 
d126 1 1 1 1 1 0 1 0 1 0 0 1 1 0 1 1 1 1 0 1 
d127 0 0 0 2 0 2 2 0 2 1 1 0 0 2 2 0 1 2 1 1 0 2 1 0 1 0 0 1 1 0 1 
d128 1 0 1 1 1 1 1 1 1 1 1 1 1 1 1 1 1 1 1 1 1 1 
d129 0 1 2 0 1 1 0 1 1 0 0 0 0 0 2 1 1 0 1 1 1 2 1 0 0 0 1 1 1 1 1 0 1 
d130 1 1 1 1 1 1 1 1 1 1 
d131 2 2 2 0 2 0 1 1 2 1 2 2 0 2 1 1 1 1 1 2 
d132 2 1 2 1 1 0 1 1 1 
d133 1 1 2 1 2 0 1 1 
d134 2 1 2 1 2 1 1 1 1 1 2 2 2 1 0 1 1 1 
d135 1 1 1 1 1 2 1 1 1 1 1 2 1 1 2 1 1 1 1 1 
d136 1 0 1 1 1 1 0 2 1 1 1 1 1 0 1 2 1 1 1 0 2 1 1 2 0 1 1 0 1 1 1 1 0 1 1 1 0 1 1 1 1 1 0 1 1 2 1 1 1 1 1 
d137 2 1 2 1 1 2 1 1 2 1 1 2 2 
d138 1 0 1 0 1 1 1 0 1 1 0 1 1 0 1 1 1 1 1 1 1 1 1 1 0 
d139 1 1 1 2 1 1 1 1 1 1 1 1 1 1 1 1 1 
d140 0 1 0 1 2 0 1 1 0 0 0 1 0 1 0 0 0 0 0 0 1 0 1 1 
d141 1 1 2 1 0 1 0 2 2 2 
d142 0 1 0 1 0 1 1 1 0 1 1 1 1 0 1 1 1 0 1 0 1 0 0 1 1 1 1 1 
d143 1 1 1 1 1 1 1 1 
d144 2 2 2 1 2 2 2 1 1 2 1 1 1 1 0 1 1 1 1 
d145 2 2 2 0 1 2 2 2 1 1 2 2 1 2 
d146 2 0 1 0 0 1 1 0 1 0 1 2 
d147 1 1 1 1 1 1 1 1 1 1 1 1 1 
d148 2 1 2 2 1 0 2 0 0 2 0 2 0 0 0 1 1 1 1 1 0 2 2 1 1 0 0 0 
d149 2 1 2 0 2 1 2 2 2 1 0 2 2 2 1 2 2 2 
d150 2 2 1 2 2 2 1 
d151 2 1 1 0 0 0 
d152 2 0 0 2 0 2 0 2 0 0 0 2 0 1 1 2 2 
d153 1 2 1 1 1 1 1 1 1 1 
d154 0 1 1 0 1 0 1 1 1 1 1 1 
d155 2 2 2 1 1 2 2 2 1 2 2 1 1 2 1 2 2 2 2 1 1 1 2 1 2 2 
d156 1 1 1 1 1 2 1 1 
d157 2 2 2 2 0 2 2 0 2 2 2 2 2 
d158 2 0 1 1 1 2 1 0 1 1 1 1 1 2 1 0 1 1 0 1 1 1 2 1 0 1 1 1 1 1 1 1 2 1 2 1 2 1 1 1 1 1 1 1 1 1 1 1 1 1 
d159 1 1 1 1 1 1 2 2 1 1 1 1 1 1 1 2 2 1 1 1 1 1 1 1 1 1 2 1 2 1 2 1 2 1 1 2 1 1 
d160 0 1 1 1 1 1 1 1 
d161 1 1 1 1 1 2 1 1 1 1 1 1 
d162 1 2 2 2 1 2 2 1 2 2 2 2 2 1 1 2 
d163 1 1 2 0 1 2 0 0 1 0 0 1 0 2 0 0 0 0 0 1 0 1 0 1 1 1 0 0 
d164 2 2 1 1 1 1 2 2 1 2 1 
d165 2 2 1 1 1 
d166 1 1 1 1 1 1 1 1 1 1 1 1 1 1 0 1 1 1 1 1 1 1 1 
d167 1 1 0 1 2 1 1 2 1 2 1 1 1 1 1 2 1 1 2 1 1 1 1 1 
d168 1 0 2 2 2 1 2 1 0 2 0 2 1 0 2 1 2 2 0 2 0 2 2 1 2 2 1 1 1 0 2 2 
d169 0 1 1 2 2 2 1 0 2 1 2 1 1 1 1 1 2 2 2 1 1 1 2 1 1 1 2 2 1 1 2 2 1 1 2 1 0 2 2 1 1 1 1 1 1 2 1 1 1 1 1 
d170 1 1 1 1 1 1 2 1 1 1 1 1 1 1 1 2 1 1 1 1 1 1 1 1 1 1 1 
d171 2 2 1 2 1 2 2 1 2 1 1 1 0 1 1 2 1 1 1 1 1 
d172 1 2 1 1 1 1 1 1 1 1 1 1 1 1 1 1 1 
d173 1 1 0 1 1 0 0 0 0 0 1 
d174 1 1 1 1 1 1 1 1 1 1 
d175 1 1 1 1 2 0 1 0 0 0 2 0 2 2 0 1 1 1 0 1 0 1 1 2 1 2 2 2 2 1 1 1 1 0 1 2 2 1 0 0 0 1 0 1 0 0 1 0 0 1 0 1 2 0 1 0 2 
d176 1 1 1 1 1 2 1 1 1 2 1 1 2 
d177 0 1 0 1 1 0 2 0 0 0 0 1 1 1 0 1 1 
d178 1 1 0 1 0 0 0 0 0 0 0 2 1 0 0 0 0 0 0 0 0 0 0 0 1 2 0 0 0 
d179 1 0 1 1 1 
d180 2 2 2 2 0 2 2 2 2 0 2 1 2 2 2 1 1 2 1 2 2 1 0 2 1 2 1 2 
d181 1 2 1 2 1 0 0 0 1 1 1 0 2 1 1 0 
d182 0 0 0 0 0 1 1 0 1 1 0 1 
d183 2 2 0 2 2 2 2 1 2 1 1 2 2 1 2 1 2 2 0 1 1 2 1 2 1 2 2 2 1 2 2 2 2 
d184 2 2 0 1 2 0 0 0 2 0 0 0 0 
d185 0 2 2 2 2 0 1 2 1 0 2 1 2 1 2 
d186 0 1 1 0 0 0 1 
d187 2 2 2 2 2 2 1 2 1 1 2 1 2 2 2 2 2 1 1 2 1 2 
d188 1 2 0 0 0 1 0 0 0 0 0 0 1 
d189 1 1 0 0 0 0 1 0 1 1 1 1 1 1 
d190 1 1 1 1 1 1 
d191 1 1 2 0 0 1 
d192 0 0 0 0 1 0 1 1 
d193 0 0 1 1 1 1 0 1 1 
d194 1 2 1 2 2 1 1 1 0 0 2 1 2 0 2 2 1 1 1 2 
d195 1 1 1 1 1 1 1 1 
d196 2 1 1 2 1 1 
d197 2 1 1 2 0 2 1 1 2 2 
d198 1 0 0 1 2 0 1 1 0 1 1 1 1 0 0 1 0 1 1 1 1 0 
d199 1 2 1 1 2 0 0 1 1 1 
d200 1 0 0 2 2 2 1 0 1 0 0 2 0 0 1 0 2 0 0 0 
d201 1 2 1 1 1 1 
d202 0 1 0 1 0 0 0 0 1 0 
d203 2 1 1 0 1 1 0 1 1 1 1 1 0 2 
d204 1 0 1 2 1 1 0 2 
d205 1 0 2 2 1 0 2 2 2 
d206 1 0 0 1 1 
d207 1 1 1 1 1 1 1 0 1 1 
d208 0 2 2 0 1 0 0 1 2 0 0 1 0 0 0 1 1 1 0 
d209 1 1 1 1 1 0 1 0 1 1 1 1 1 1 
d210 2 1 1 2 1 1 1 1 2 1 1 2 2 1 1 1 
d211 1 2 1 1 0 0 
d212 1 1 1 2 2 0 1 2 1 
d213 2 2 2 1 0 1 1 
d214 1 1 0 0 1 1 1 1 2 1 0 2 0 0 1 0 1 1 
d215 0 2 2 2 0 0 0 0 0 1 0 1 0 2 
d216 0 1 0 1 2 0 0 0 1 1 2 1 0 1 1 0 0 1 0 1 2 0 0 2 2 0 1 0 0 2 2 2 0 2 2 0 1 0 1 2 0 2 0 1 1 2 0 0 2 0 1 0 0 1 0 1 1 1 2 0 0 0 0 2 0 0 1 2 1 2 0 2 0 1 2 1 1 1 1 2 0 1 1 2 2 
d217 2 2 1 2 0 1 0 2 0 1 0 0 0 0 0 0 1 1 1 0 0 0 0 0 1 0 0 
d218 1 0 0 0 0 0 
d219 0 0 1 0 0 0 1 1 0 0 0 0 
d220 2 1 1 1 1 1 2 1 0 1 0 0 1 1 1 2 0 1 
d221 2 2 2 2 2 2 2 2 2 2 2 2 2 2 2 2 2 
d222 0 0 1 0 0 0 
d223 2 1 2 2 0 2 0 0 0 0 2 2 2 2 2 2 2 0 2 
d224 2 2 0 2 2 0 2 2 0 1 1 0 2 2 1 0 2 2 
d225 2 2 0 2 1 2 2 2 2 1 1 2 1 1 2 2 0 
d226 2 1 1 1 1 1 1 1 1 1 1 1 1 1 1 1 1 1 1 1 1 
d227 1 1 0 1 1 2 1 1 1 1 1 2 1 1 2 1 1 1 1 1 1 1 1 
d228 2 0 1 0 2 1 0 0 0 1 1 0 2 1 0 0 1 1 2 2 1 0 0 0 1 0 1 0 2 0 1 0 2 1 0 1 0 2 0 1 0 
d229 1 0 0 2 1 1 0 0 0 0 0 1 0 1 1 1 1 0 2 1 1 0 1 1 1 1 0 
d230 1 1 1 1 1 1 0 1 0 0 2 0 2 0 0 0 0 1 0 0 0 0 0 1 1 1 
d231 1 1 1 2 2 1 2 1 1 1 0 1 2 1 1 1 2 0 1 1 1 1 1 0 1 1 1 1 1 1 
d232 1 1 1 1 1 1 1 1 
d233 0 2 2 1 0 0 0 1 2 2 1 
d234 1 2 0 0 0 0 0 1 1 0 0 0 1 1 1 1 0 1 1 1 1 
d235 1 1 1 0 1 1 1 1 
d236 2 1 1 0 1 1 0 1 1 0 1 1 
d237 1 1 2 0 1 0 1 1 0 1 1 2 1 0 1 2 1 1 1 1 1 0 2 2 
d238 1 1 0 1 1 1 2 1 1 1 1 1 1 1 1 2 1 1 1 1 1 1 1 1 1 1 1 
d239 1 0 1 1 1 1 1 1 
d240 1 1 1 1 1 1 
d241 2 2 2 2 2 1 2 0 2 2 0 0 0 2 2 2 2 1 1 2 2 2 
d242 2 0 2 1 1 0 1 1 1 0 2 2 0 1 2 0 2 1 1 1 1 0 1 1 1 1 1 2 0 1 1 2 1 2 1 0 1 1 0 1 0 2 0 0 1 0 1 0 1 1 1 0 0 1 1 0 2 1 2 1 1 2 2 0 1 1 1 1 0 0 0 1 1 1 1 0 2 
d243 1 1 0 1 0 1 1 2 1 1 0 2 0 0 0 2 1 2 0 0 0 1 0 0 2 0 0 0 0 1 2 0 0 2 
d244 1 0 0 0 2 2 2 2 2 1 2 2 0 1 0 2 0 2 1 2 2 
d245 1 1 0 0 0 0 1 0 0 0 0 1 0 1 0 0 
d246 2 2 2 1 1 2 1 1 1 1 1 2 1 2 1 1 1 1 2 2 1 2 1 1 1 1 1 2 2 1 1 1 2 1 
d247 2 2 2 1 2 1 1 1 2 2 1 1 1 2 1 2 2 2 2 1 2 
d248 1 1 1 1 2 0 1 1 1 1 1 1 1 1 1 1 
d249 1 1 1 1 1 1 1 1 1 
d250 0 1 1 0 0 1 0 
d251 2 2 2 1 2 1 2 1 1 
d252 2 2 0 0 2 
d253 2 2 2 2 1 2 2 2 2 2 1 2 2 1 1 1 2 1 2 2 
d254 1 1 1 0 0 0 1 2 0 0 1 2 1 1 1 1 1 1 2 1 0 1 1 1 0 1 1 1 1 1 0 1 0 1 1 1 1 2 1 
d255 1 1 1 2 1 1 1 1 1 1 1 1 1 1 1 
d256 2 0 1 0 2 0 1 2 0 1 2 1 2 1 0 0 2 1 1 0 0 1 1 1 0 0 2 0 1 2 1 2 2 2 1 0 1 1 0 0 0 2 2 1 1 2 
d257 0 0 2 2 2 0 2 1 2 
d258 1 1 1 2 1 1 1 1 1 1 1 1 2 1 1 2 0 2 1 0 2 2 1 2 1 1 1 2 1 
d259 2 2 0 2 2 0 0 0 2 0 2 2 0 1 0 2 2 2 0 0 2 0 1 2 2 
d260 0 0 1 1 0 2 1 2 0 0 1 0 0 1 0 2 0 1 0 0 0 0 2 0 1 0 2 1 0 0 1 2 1 1 0 0 1 1 1 1 0 0 0 1 1 0 1 0 1 2 0 0 0 1 1 1 1 0 1 1 
d261 1 1 2 1 1 1 2 1 1 1 2 1 1 1 1 1 1 1 
d262 1 0 2 1 2 2 1 2 1 1 1 0 0 1 0 0 0 1 1 1 1 2 0 2 1 1 1 0 1 1 1 0 1 1 1 2 2 1 0 1 1 1 1 0 0 2 1 1 1 1 1 1 2 
d263 1 1 1 1 1 1 1 
d264 2 2 2 2 2 2 2 2 2 2 2 2 2 2 2 
d265 1 0 1 1 1 1 1 1 1 0 1 1 0 0 1 
d266 1 2 1 2 2 2 2 2 2 1 1 2 2 2 1 2 1 1 2 1 1 2 2 1 1 1 1 1 2 1 2 2 1 
d267 1 1 0 0 1 1 1 1 
d268 0 0 1 1 0 2 1 0 1 2 1 2 0 
d269 1 2 0 1 0 0 0 0 1 0 1 1 0 0 1 1 1 1 1 1 0 1 1 0 1 2 0 1 1 1 0 0 0 1 0 1 1 1 1 1 1 1 0 1 0 2 2 2 1 1 0 1 1 0 1 0 1 1 1 1 0 1 1 1 1 0 1 0 
d270 0 0 0 1 1 0 1 0 1 1 0 1 0 1 1 1 1 
d271 1 1 1 1 2 1 1 0 0 0 1 2 0 1 1 
d272 2 1 1 1 2 
d273 1 1 1 1 1 1 1 1 1 
d274 2 2 0 2 2 1 2 2 1 1 2 1 2 1 2 1 
d275 1 0 0 0 2 1 1 1 0 0 1 1 2 1 1 0 1 0 1 1 0 2 1 2 1 2 1 2 0 1 1 1 1 0 1 1 2 2 1 0 1 1 1 1 2 1 2 2 2 0 0 1 1 2 2 2 2 
d276 0 2 2 1 2 1 1 1 1 1 1 0 1 2 1 1 2 
d277 1 1 1 1 1 1 
d278 1 1 1 1 1 1 1 
d279 1 1 1 1 1 1 1 1 1 1 1 1 1 1 
d280 0 0 1 1 1 1 0 1 1 1 
d281 0 1 0 1 1 1 1 1 1 1 0 0 
d282 0 0 0 1 1 0 1 
d283 0 1 1 1 1 1 
d284 0 1 0 0 1 1 0 2 1 1 1 0 1 1 0 0 0 0 1 0 1 0 
d285 0 1 1 1 0 0 0 
d286 2 2 2 2 2 1 1 1 0 2 1 2 1 1 1 1 
d287 1 1 1 1 1 1 1 1 1 1 1 1 1 1 1 
d288 2 1 1 0 1 0 0 1 1 2 1 1 1 
d289 1 1 1 1 2 1 2 
d290 0 2 0 1 2 0 1 1 0 1 
d291 1 2 0 2 0 2 1 2 2 0 0 2 2 1 1 2 0 2 2 2 1 2 0 2 1 1 2 0 2 1 2 0 1 1 1 2 1 2 1 1 1 1 1 1 1 1 0 1 1 1 1 1 
d292 1 1 2 1 2 1 1 2 2 1 2 1 1 1 2 1 1 2 1 2 1 2 1 2 
d293 0 0 1 1 0 0 1 1 
d294 2 1 1 1 2 1 2 1 2 2 
d295 2 2 2 0 2 1 0 1 0 1 2 2 1 2 0 1 1 2 2 2 0 1 0 2 2 0 1 2 2 1 1 1 1 2 1 0 2 1 2 1 0 1 1 2 0 2 0 1 1 1 1 0 1 0 2 1 
d296 0 0 1 1 1 1 1 1 1 
d297 1 1 1 2 1 1 1 0 2 1 1 1 0 1 1 1 1 
d298 2 1 1 0 1 0 0 0 0 1 1 0 1 1 
d299 2 1 1 1 0 1 1 1 1 1 1 1 1 1 1 1 
d300 1 1 1 1 1 1 0 1 1 0 1 
d301 0 1 0 0 0 0 1 0 1 1 1 0 0 0 0 0 0 0 0 0 0 0 1 1 0 0 1 0 0 0 0 0 1 0 1 2 1 0 0 0 1 1 0 0 0 0 1 0 
d302 0 0 0 1 0 0 0 0 2 0 1 1 1 2 2 1 
d303 1 1 2 0 2 1 1 1 0 0 0 1 1 1 1 1 1 
d304 2 1 1 0 1 0 1 2 2 1 1 0 1 1 1 1 1 1 1 2 0 2 2 1 1 1 0 1 1 0 0 
d305 0 1 0 0 0 1 0 1 0 1 0 1 1 1 1 1 1 
d306 1 0 1 1 1 1 1 1 1 1 1 1 1 1 
d307 0 1 1 1 1 0 0 1 1 
d308 1 2 1 1 2 1 1 1 1 2 0 0 1 1 2 1 1 0 1 1 1 2 1 1 1 1 1 1 1 1 1 1 1 1 
d309 1 0 2 2 2 1 1 1 1 1 1 1 1 0 2 1 0 0 1 2 1 2 1 1 1 2 2 0 1 1 1 1 1 1 1 1 0 1 1 1 1 1 1 1 0 1 1 1 1 1 1 1 1 1 
d310 1 0 1 1 1 1 0 1 1 0 1 2 1 0 1 1 1 1 0 1 1 0 1 0 0 1 1 1 1 1 2 1 1 1 1 1 1 1 2 1 1 1 1 1 1 0 1 1 1 1 1 1 1 1 1 1 2 1 
d311 0 1 0 0 0 0 0 0 0 1 1 1 0 1 1 1 1 1 
d312 1 1 2 0 1 0 0 1 1 1 1 1 1 
d313 1 1 1 1 1 1 1 1 1 2 1 1 1 1 1 1 1 1 1 1 1 1 1 1 1 2 2 1 2 1 2 2 1 1 2 1 1 1 1 1 1 1 1 1 1 1 1 
d314 0 1 1 1 0 1 1 2 0 1 0 1 0 2 1 2 1 1 1 0 1 1 1 1 1 0 2 0 1 2 1 1 1 1 1 1 
d315 1 1 0 1 0 1 1 1 1 0 
d316 2 2 1 0 1 0 1 2 
d317 1 2 2 1 1 1 1 1 1 
d318 2 2 0 1 2 1 1 
d319 0 2 2 2 0 2 2 0 0 2 1 2 2 2 2 1 2 0 0 1 2 2 1 0 0 2 0 2 2 2 2 1 2 2 1 2 0 2 1 0 1 1 
d320 2 1 1 2 1 1 2 1 1 1 1 1 2 2 1 1 2 0 1 1 1 
d321 2 2 2 0 2 2 0 1 1 1 0 2 0 1 1 0 1 1 2 2 1 0 1 1 1 0 0 2 
d322 1 2 1 2 1 2 2 2 1 1 0 1 2 0 1 2 0 2 2 2 2 2 1 2 
d323 2 1 1 1 0 1 0 1 1 2 1 0 0 1 1 1 1 1 1 0 0 
d324 2 2 1 1 2 2 1 
d325 0 0 0 2 2 0 1 1 0 2 
d326 0 0 2 0 2 1 1 2 1 0 1 0 
d327 2 1 1 2 2 1 2 1 1 2 1 2 
d328 1 2 1 2 2 2 1 0 2 2 0 2 1 1 1 1 2 1 1 
d329 2 2 2 2 2 1 2 2 0 2 2 2 2 2 
d330 1 1 1 1 1 1 1 2 1 1 1 
d331 1 1 1 1 1 0 1 0 0 0 0 1 1 0 0 1 1 0 1 1 1 1 0 1 1 1 
d332 2 1 2 1 1 1 2 0 0 1 1 0 1 1 1 0 2 0 0 0 2 0 0 1 1 1 2 0 0 2 2 0 1 1 1 1 1 0 2 0 0 0 1 2 1 1 0 1 1 1 2 1 1 1 1 0 1 1 2 1 2 1 2 2 1 0 1 2 1 1 2 2 2 
d333 0 2 2 0 0 0 1 2 2 0 0 0 0 1 0 2 0 0 
d334 0 0 1 2 1 2 2 1 2 0 0 2 2 2 1 1 2 1 
d335 1 1 1 1 2 2 2 1 0 2 1 1 1 2 2 1 1 2 1 1 2 1 2 1 2 1 1 1 1 1 2 2 
d336 1 2 1 2 2 2 2 2 2 1 2 1 2 2 2 2 1 1 2 2 2 1 1 1 1 2 1 1 2 2 1 1 2 1 2 1 2 1 1 2 1 2 1 1 2 1 1 2 2 1 1 1 1 2 2 2 
d337 1 2 1 1 2 2 1 
d338 2 0 2 1 1 2 0 2 2 1 2 1 2 
d339 0 1 2 1 1 2 1 1 1 1 1 2 2 0 2 2 0 
d340 2 0 1 2 2 2 1 2 1 2 2 2 1 2 2 1 2 2 1 1 2 0 1 1 1 
d341 0 1 0 0 0 1 0 1 0 1 0 0 0 0 1 0 0 0 
d342 2 2 0 0 0 2 2 0 1 1 1 1 1 1 2 1 2 1 1 2 2 1 2 1 1 1 2 
d343 2 0 2 0 1 2 2 0 2 2 0 2 
d344 2 2 1 2 2 1 1 0 0 2 2 1 0 2 0 2 2 2 1 2 2 1 2 2 2 2 1 1 1 1 1 2 2 1 1 1 2 1 1 0 2 2 1 1 2 
d345 1 0 1 0 1 0 1 1 1 0 2 0 1 1 2 0 
d346 0 0 2 1 2 0 2 1 1 1 2 0 2 1 1 2 1 1 
d347 2 0 1 2 0 1 1 1 1 0 1 1 1 0 1 2 1 
d348 0 2 0 0 1 
d349 1 1 1 0 1 0 0 1 0 0 1 1 1 
d350 2 0 2 1 0 2 2 2 2 2 
d351 0 0 0 1 1 1 0 2 1 1 1 0 2 1 1 1 1 0 1 1 0 1 1 1 0 1 1 2 1 0 0 0 0 1 2 0 0 1 0 1 1 2 1 2 1 1 2 1 0 1 2 2 1 0 1 0 1 0 1 2 0 1 1 1 1 1 1 1 1 0 1 1 0 2 0 0 2 1 2 2 0 0 0 0 1 1 1 0 2 0 1 1 1 1 0 1 1 1 1 1 1 0 0 1 1 0 0 0 1 0 1 0 1 0 2 1 0 0 1 2 1 1 1 1 0 0 0 0 1 1 1 1 1 0 1 1 0 1 0 1 0 1 0 1 1 0 1 2 1 0 0 0 1 1 1 1 2 1 1 2 1 1 1 1 0 2 1 1 1 2 1 1 1 2 1 0 0 1 0 1 1 2 0 2 1 1 1 1 1 1 0 1 1 0 0 1 1 2 1 1 0 1 1 0 1 1 1 1 1 
d352 2 1 2 2 0 1 1 2 2 2 1 0 0 0 1 1 2 1 1 1 0 1 2 0 1 0 1 1 0 2 1 1 1 2 2 0 0 1 1 2 2 2 1 2 2 1 0 1 1 2 2 2 2 1 2 1 2 1 1 1 2 2 2 2 2 1 2 2 1 2 1 2 1 1 2 1 1 1 2 1 1 2 1 
d353 1 2 1 1 1 2 2 2 2 1 1 1 1 1 1 2 2 2 0 2 0 2 0 2 1 1 0 2 1 1 1 2 2 2 1 1 1 2 2 2 2 2 1 1 2 1 2 2 1 1 2 0 1 0 2 2 1 0 1 2 2 0 2 1 1 0 0 1 2 1 2 0 1 2 1 2 1 1 2 2 2 2 2 2 2 2 0 0 0 1 0 2 2 1 1 2 1 1 2 0 1 1 1 1 2 0 1 1 2 1 1 1 1 0 
d354 1 1 1 1 1 0 0 1 0 2 1 0 2 1 1 1 1 1 2 1 1 2 2 0 2 2 1 1 0 2 0 1 0 1 2 0 2 1 1 0 1 0 1 0 1 1 1 1 1 1 0 1 1 1 1 1 1 2 1 2 2 1 1 1 2 1 1 2 2 1 2 0 2 1 2 1 1 2 1 1 2 1 1 0 1 1 1 1 0 2 1 0 1 2 
d355 0 0 1 2 2 0 1 1 2 0 0 2 1 0 1 0 1 1 0 2 0 0 0 2 0 1 2 2 1 2 2 2 0 1 0 2 2 1 1 0 1 1 1 2 2 0 0 0 0 0 0 2 2 0 1 0 0 1 1 2 2 2 1 1 0 2 1 0 2 0 0 2 2 2 0 2 2 1 1 1 2 2 1 1 1 0 0 2 2 1 0 1 2 0 2 2 1 2 1 2 0 1 1 0 0 0 2 0 1 0 1 1 1 0 2 1 1 1 0 1 1 2 1 1 0 1 1 1 2 0 
d356 1 1 2 1 1 1 1 1 1 2 1 1 2 2 1 1 1 2 2 2 2 1 0 1 0 1 2 0 1 1 0 1 1 1 1 0 2 1 1 2 0 1 2 2 1 1 0 2 1 1 0 1 1 0 2 2 0 1 2 1 2 1 0 1 1 1 2 2 2 0 1 1 2 1 1 2 1 1 1 2 1 1 1 1 1 2 1 0 2 
d357 1 1 0 0 1 0 1 1 0 1 0 1 1 1 0 1 1 0 0 1 1 1 1 1 1 1 1 0 0 1 1 1 1 1 1 1 0 1 1 1 1 1 1 1 1 0 1 1 0 0 1 1 1 1 1 1 1 0 1 1 1 0 1 
d358 2 2 2 1 1 1 2 1 1 1 1 2 2 1 1 1 1 1 1 2 1 2 1 1 1 1 1 1 1 1 1 1 2 2 1 1 2 
d359 1 1 1 2 0 1 1 2 1 1 1 2 0 1 0 0 1 1 1 1 1 1 1 0 1 1 1 1 1 1 1 1 0 2 1 1 1 1 2 1 2 1 1 0 1 2 1 1 0 1 
d360 2 0 1 1 0 0 1 1 0 1 0 0 0 0 0 2 2 1 1 1 1 1 2 0 1 1 2 2 2 1 1 1 2 0 1 1 1 1 2 1 1 1 1 1 
d361 0 2 1 0 2 0 2 0 2 2 2 1 2 1 1 0 1 1 1 
d362 0 1 1 2 2 0 1 1 0 0 1 1 1 1 0 1 1 2 1 1 1 1 1 1 0 1 1 1 1 0 0 0 1 1 1 0 1 0 0 1 1 0 0 1 0 1 0 1 0 0 0 0 
d363 1 1 1 1 0 1 0 2 0 0 0 1 0 0 0 0 2 2 1 0 1 1 1 1 1 0 1 1 1 0 2 1 1 1 0 2 1 1 2 0 2 1 1 1 1 2 2 1 1 1 1 2 1 1 1 1 1 1 1 1 1 0 1 1 2 1 
d364 1 1 1 1 1 1 1 1 1 2 1 1 1 1 1 1 1 2 1 1 1 1 1 1 1 1 1 
d365 2 2 2 2 1 2 1 0 2 1 0 1 2 2 1 0 1 1 1 1 1 2 1 2 1 1 1 1 
d366 1 1 1 1 1 1 0 1 1 1 1 1 1 1 1 1 1 1 1 1 1 
d367 0 0 1 0 0 2 1 1 2 0 0 1 0 1 1 0 2 0 2 0 0 1 1 1 0 2 1 1 2 1 0 1 2 2 1 1 0 1 1 0 1 1 1 0 1 1 2 
d368 2 2 2 0 1 2 2 2 1 2 1 2 1 2 1 1 0 2 2 0 1 1 1 1 0 1 0 1 2 2 2 0 1 1 1 1 1 1 0 1 0 2 1 1 1 1 2 1 0 1 1 2 1 1 2 1 2 1 0 2 1 1 1 1 0 2 2 2 1 1 1 1 1 2 2 1 2 2 2 1 2 2 2 
d369 2 2 2 2 2 2 1 2 1 1 1 2 1 1 2 2 2 2 2 1 2 1 1 2 2 1 2 2 2 2 1 1 1 1 2 2 1 2 2 2 
d370 0 2 2 2 2 2 1 0 1 1 0 1 0 0 
d371 1 0 1 0 1 1 0 0 1 1 0 1 0 0 1 1 
d372 1 2 0 2 0 0 0 0 1 1 1 1 1 1 1 0 2 0 1 0 1 2 1 0 
d373 0 2 0 2 0 0 0 2 1 0 0 0 2 0 2 1 1 1 0 1 
d374 1 2 1 1 1 2 1 1 2 1 1 2 2 2 1 2 2 1 1 1 2 1 1 1 1 1 2 1 1 1 1 1 1 1 1 1 2 1 1 1 1 2 1 1 1 1 1 1 1 1 
d375 1 2 2 1 2 1 1 1 1 1 
d376 0 1 2 2 1 1 1 1 0 1 2 1 1 1 1 0 1 1 2 
d377 1 2 2 2 1 0 0 2 2 1 1 1 1 2 1 1 2 0 2 2 1 2 0 1 2 1 2 1 
d378 0 1 0 0 0 0 1 0 1 0 1 1 0 0 1 0 0 0 0 0 1 0 1 0 
d379 1 1 2 2 2 2 1 2 2 0 2 1 2 1 2 2 1 2 1 2 2 2 1 2 2 1 2 2 1 0 2 2 1 2 2 2 0 1 1 1 2 2 2 1 2 2 2 2 1 1 1 2 1 2 2 1 1 2 1 1 1 1 
d380 1 1 2 1 1 1 2 1 1 2 2 2 1 1 0 0 1 0 1 1 1 1 2 1 0 1 1 2 1 2 2 1 2 1 2 1 1 0 0 1 1 1 0 1 1 1 1 1 1 1 0 1 2 1 1 1 1 0 0 1 1 0 1 1 1 0 0 1 2 1 2 0 1 0 1 1 1 2 1 2 1 2 2 2 0 1 1 0 1 1 2 2 1 1 1 1 1 0 2 1 1 1 1 1 1 2 1 1 1 1 0 
d381 2 2 1 1 1 1 1 1 2 2 2 2 1 
d382 2 0 1 2 2 0 2 1 1 2 1 2 1 2 1 1 1 1 1 1 1 1 1 1 1 
d383 2 2 1 1 0 1 2 1 2 0 1 0 2 1 1 1 1 2 2 2 0 1 2 1 0 1 2 2 2 1 2 1 1 2 2 2 2 1 2 2 2 1 1 0 2 2 1 0 1 1 1 1 2 2 0 0 2 0 2 2 0 2 1 0 1 1 1 2 2 1 2 1 1 2 1 1 2 1 1 2 2 
d384 0 0 1 0 1 1 0 0 0 0 1 2 0 2 1 1 2 0 1 0 1 1 0 0 0 1 0 1 2 2 1 1 0 1 0 0 0 1 0 2 1 0 1 2 0 2 1 0 2 0 1 2 0 1 2 0 2 0 0 2 1 1 1 0 1 2 2 0 1 1 0 0 1 0 2 1 1 1 1 1 0 0 0 0 0 0 2 2 1 0 2 0 1 1 1 0 1 2 1 1 2 1 1 2 1 2 2 1 1 1 1 1 2 1 1 2 2 
d385 1 2 0 1 0 1 0 0 0 0 1 1 1 0 1 0 1 1 0 1 0 1 1 1 1 1 1 1 1 0 1 1 1 1 2 1 
d386 0 0 0 1 1 0 
d387 1 1 1 1 1 1 2 2 0 2 1 1 0 1 2 1 0 1 1 0 0 0 1 1 1 
d388 1 1 2 1 0 2 1 1 1 1 1 1 1 1 0 2 1 0 0 2 1 1 1 2 2 1 1 1 1 2 
d389 0 2 1 1 1 0 1 1 0 2 1 1 2 0 0 0 2 1 0 1 1 2 1 1 1 1 1 2 2 0 1 2 2 1 1 1 1 1 0 1 1 1 1 1 1 1 2 2 1 1 1 1 1 1 0 2 1 1 1 1 2 1 1 1 2 
d390 0 2 1 0 1 2 1 0 0 1 1 2 1 1 0 1 2 1 1 2 0 0 2 0 1 2 1 1 1 1 1 1 1 2 1 0 1 1 1 2 0 1 1 0 1 1 1 0 1 1 1 0 1 1 1 1 1 
d391 0 1 1 1 1 1 0 2 2 0 2 2 2 0 2 1 1 1 1 1 
d392 1 1 2 2 2 2 2 2 0 1 1 1 0 0 1 2 1 1 2 2 2 2 1 1 2 0 1 2 1 1 1 1 1 1 1 2 1 1 0 
d393 1 1 0 0 1 0 0 1 1 1 0 0 1 0 1 1 0 1 1 1 1 0 
d394 1 0 1 1 1 1 1 1 0 1 1 1 1 1 1 1 1 1 
d395 1 1 1 0 0 0 1 0 0 0 1 1 1 0 1 1 1 1 1 
d396 2 2 0 1 0 1 0 1 1 1 1 0 0 2 1 0 0 1 0 1 2 2 1 1 1 1 0 2 2 1 1 1 1 1 1 1 
d397 1 1 2 0 1 2 1 1 1 2 2 2 1 1 1 1 1 1 
d398 1 2 1 2 2 1 1 2 2 1 1 0 0 1 1 1 2 1 1 1 0 1 1 2 1 1 0 1 0 1 1 0 2 0 1 1 1 1 0 0 1 1 1 1 0 0 1 1 1 1 1 1 1 1 1 1 0 1 0 2 1 1 0 1 2 1 1 1 2 0 1 1 1 2 1 2 1 
d399 2 2 1 2 2 2 1 1 2 1 0 0 0 0 1 2 1 0 2 1 2 1 0 1 1 1 1 2 0 1 1 0 2 1 1 0 1 2 1 1 1 1 1 0 2 1 1 0 1 2 1 
d400 1 2 1 2 1 0 0 2 2 2 1 2 2 1 0 2 1 2 0 2 2 1 0 1 1 2 2 1 1 0 1 2 0 1 2 2 1 2 2 2 2 2 2 2 1 2 1 1 2 2 
d401 0 1 2 1 2 1 1 1 1 1 2 1 2 0 1 0 0 0 1 1 0 1 0 1 2 0 1 1 0 1 1 0 2 
d402 0 0 1 2 1 1 2 1 0 1 2 1 2 0 1 2 1 1 1 1 2 2 1 
d403 2 2 2 0 0 0 1 0 2 1 2 0 2 
d404 0 0 1 2 2 1 1 1 0 2 0 1 1 2 1 2 2 0 0 0 1 0 1 0 0 1 1 1 0 0 1 2 1 1 0 1 2 1 2 2 2 1 1 0 1 2 2 1 2 1 0 2 1 1 2 1 0 2 2 0 1 1 2 1 2 1 1 2 1 0 2 1 2 1 2 1 1 1 1 2 
d405 1 1 1 1 2 1 2 1 1 1 2 2 
d406 2 1 1 1 1 1 1 1 1 1 2 1 2 1 1 2 2 1 1 
d407 2 1 1 1 1 1 1 2 1 1 2 1 1 1 1 1 1 1 1 1 
d408 0 1 2 1 1 0 1 1 1 2 
d409 0 1 0 0 0 1 
d410 2 1 1 0 2 0 1 0 1 0 1 0 0 0 0 1 0 0 0 0 1 2 1 1 2 1 
d411 1 1 1 1 1 1 
d412 1 2 1 0 0 1 0 0 1 0 1 1 0 0 1 0 1 1 0 2 2 0 0 1 0 0 0 0 2 2 0 0 0 1 1 0 0 1 2 1 1 0 
d413 1 1 2 1 1 2 1 
d414 1 1 2 1 1 0 
d415 0 2 0 2 0 1 2 0 1 0 1 0 1 1 1 0 1 1 2 2 0 2 1 1 1 2 2 0 0 1 2 1 2 2 0 2 1 1 1 0 1 1 1 1 2 2 
d416 1 1 1 1 1 0 0 2 0 2 0 2 1 2 2 0 1 2 1 1 2 2 1 1 0 1 1 0 1 0 2 0 2 2 0 2 2 2 1 0 2 0 0 0 2 2 0 0 2 1 0 0 1 2 1 2 2 2 1 2 1 1 2 0 1 1 2 2 1 1 1 2 1 1 2 2 1 1 1 1 1 0 0 0 1 0 2 1 1 2 0 
d417 2 1 0 2 1 2 2 2 
d418 1 0 1 2 1 1 1 
d419 0 1 1 1 0 1 1 1 1 
d420 2 2 0 0 2 1 1 
d421 1 1 1 1 1 1 2 0 2 1 
d422 1 1 1 2 2 1 2 1 1 2 
d423 1 1 0 1 1 1 1 1 1 
d424 1 1 2 1 0 2 1 1 1 1 1 1 
d425 1 2 1 1 1 1 1 1 1 1 1 1 
d426 2 2 0 2 0 2 2 2 2 2 1 1 2 0 
d427 0 1 0 1 0 1 1 1 1 0 1 1 
d428 0 0 0 0 0 0 0 
d429 2 1 1 1 1 1 1 1 1 1 
d430 2 1 1 1 1 1 0 0 1 1 
d431 2 1 1 2 0 0 1 2 2 0 0 0 2 
d432 0 1 1 1 1 1 0 0 1 0 0 
d433 1 1 2 2 1 1 1 1 1 1 2 1 1 1 2 1 1 2 1 1 2 1 2 
d434 1 0 1 1 1 1 
d435 1 0 1 2 1 1 1 2 0 1 0 1 1 1 1 1 1 1 1 0 1 0 0 2 1 0 1 0 1 1 1 2 0 1 1 0 1 0 0 1 1 1 1 1 1 0 1 0 1 1 1 1 1 2 0 1 1 1 1 0 1 0 1 1 0 2 1 1 1 0 1 1 1 1 
d436 1 2 0 1 1 2 0 0 2 1 2 2 2 2 1 1 1 2 
d437 2 1 1 1 1 2 0 2 2 2 1 0 1 2 
d438 2 1 2 2 2 0 2 1 2 
d439 0 1 1 1 1 1 2 0 
d440 1 1 1 1 1 1 2 0 1 0 1 0 1 1 1 1 2 1 2 1 1 1 2 1 1 1 
d441 1 2 1 1 1 1 
d442 1 1 1 1 1 1 
d443 1 1 1 1 1 1 0 1 1 1 2 1 1 1 1 
d444 0 2 1 0 0 1 0 0 0 1 
d445 1 1 1 1 1 1 1 1 2 2 2 1 2 1 2 2 1 1 2 1 2 
d446 1 1 2 1 2 2 2 1 2 2 1 2 2 2 1 2 
d447 1 1 2 1 1 1 0 0 1 2 2 2 0 2 2 2 2 2 
d448 0 1 1 2 0 1 1 2 0 0 0 1 1 2 0 1 1 1 1 1 0 1 1 0 0 1 1 1 1 1 0 1 1 0 0 1 1 1 2 1 0 0 0 1 0 0 2 2 0 0 0 0 1 0 0 1 0 0 2 1 1 2 0 1 1 2 
d449 2 2 2 2 1 2 1 2 2 2 2 1 1 2 1 2 2 2 2 2 
d450 0 2 0 2 0 0 0 0 0 0 0 0 1 0 0 0 2 0 0 0 0 0 2 0 
d451 2 1 0 2 0 2 1 2 0 2 1 2 2 0 1 1 1 2 0 0 1 1 2 0 
d452 1 1 1 2 1 1 2 1 2 2 1 1 1 2 1 1 1 2 2 2 1 1 1 2 2 1 2 1 1 1 1 2 2 2 
d453 1 2 0 2 2 2 2 0 1 0 0 1 0 2 1 0 1 1 1 0 1 1 0 1 2 0 0 2 2 0 0 1 0 0 
d454 2 2 2 2 2 2 1 2 2 0 2 2 2 1 2 1 1 1 1 2 2 0 0 1 2 2 2 0 1 1 1 2 1 1 1 1 2 2 1 1 2 
d455 2 1 0 1 1 1 0 0 2 0 2 2 0 1 2 1 2 1 0 0 1 0 1 1 1 1 1 1 2 1 0 0 1 1 2 2 2 1 2 2 1 1 1 1 
d456 2 1 1 0 1 2 2 2 0 1 1 0 1 1 2 2 0 2 1 0 1 2 0 0 1 0 2 1 1 0 1 2 0 1 1 2 1 1 2 2 0 0 2 2 2 0 1 1 2 0 0 2 1 0 1 1 2 2 0 
d457 1 2 1 0 1 1 1 1 2 1 1 0 1 1 1 0 1 0 1 1 
d458 1 0 1 1 1 1 1 1 1 1 1 
d459 0 0 0 0 2 2 0 2 2 0 0 0 0 2 0 0 0 1 0 0 0 
d460 1 1 1 1 1 1 
d461 2 1 2 1 1 1 1 1 1 1 
d462 0 1 1 0 0 0 2 1 0 0 1 1 1 2 1 1 2 1 1 1 1 1 1 2 0 0 0 1 1 0 0 1 1 1 0 1 1 2 1 1 0 1 1 1 1 1 1 0 1 1 1 0 0 2 1 1 1 1 1 1 1 0 1 1 2 1 1 1 0 
d463 1 1 0 1 1 1 1 1 1 0 1 1 1 0 1 1 1 
d464 1 2 2 2 2 2 0 0 1 1 2 1 1 2 0 1 1 1 1 1 1 
d465 2 2 0 1 2 0 1 2 2 1 1 0 2 0 0 2 2 2 2 1 1 2 1 1 2 0 0 0 0 0 1 1 2 0 0 2 2 2 2 2 2 1 0 2 0 1 2 1 1 2 1 0 1 1 1 1 1 2 0 
d466 0 0 0 1 1 0 0 0 1 1 1 0 1 1 1 1 1 0 1 1 0 1 
d467 1 2 2 1 1 0 1 2 2 0 2 0 2 0 1 1 0 2 1 1 1 0 1 1 1 1 
d468 2 2 0 1 2 0 0 2 0 1 0 2 2 1 1 1 2 2 0 2 0 0 1 0 0 2 2 0 0 2 
d469 0 2 2 2 2 2 1 0 1 1 1 1 1 0 2 2 1 1 1 1 1 2 1 2 2 1 2 2 2 2 1 1 1 1 1 1 2 1 1 2 2 2 2 2 
d470 2 2 0 2 0 0 2 2 1 2 2 0 2 0 1 2 1 1 1 0 2 2 1 1 2 2 2 1 1 2 2 2 1 2 2 
d471 1 2 2 0 1 2 1 0 1 0 0 1 1 0 0 1 0 0 1 1 2 1 2 1 1 0 0 0 0 1 1 1 1 1 0 1 0 1 1 1 1 1 0 0 
d472 0 2 0 2 2 2 2 1 2 2 2 
d473 2 2 1 2 1 2 1 2 1 1 2 2 2 2 0 1 1 1 1 0 2 2 2 1 1 1 1 2 2 1 1 2 1 2 2 2 0 1 0 2 0 0 2 2 2 2 0 1 1 2 2 2 
d474 1 1 2 2 2 0 1 1 2 0 1 1 0 1 2 1 2 1 0 2 2 1 1 2 1 2 1 1 0 1 2 0 0 1 1 1 1 2 1 1 1 1 0 2 1 
d475 2 1 2 1 0 0 1 2 1 1 
d476 0 1 1 1 2 1 0 1 0 1 0 2 0 2 1 0 2 1 2 0 0 1 1 1 1 2 1 
d477 2 1 0 1 0 0 2 0 1 1 0 2 1 0 1 0 
d478 1 1 1 0 1 1 0 1 1 1 1 1 0 1 1 1 1 1 1 1 1 1 
d479 1 1 1 1 0 1 0 1 
d480 1 0 1 2 1 1 0 1 1 1 0 
d481 1 1 2 1 0 2 2 1 2 1 2 2 2 0 2 2 2 2 2 2 1 2 2 1 1 2 2 1 1 2 
d482 1 0 2 0 2 0 2 2 2 1 1 1 1 1 0 1 2 2 1 2 2 1 2 2 0 1 2 2 0 2 2 2 2 
d483 1 1 0 1 0 0 1 0 0 0 1 
d484 0 1 0 1 1 1 1 2 1 1 0 1 1 1 0 1 1 2 0 2 1 0 1 0 1 0 1 0 1 1 1 2 1 1 1 1 1 1 1 1 0 1 1 1 1 1 1 1 
d485 1 2 0 0 0 0 2 2 0 0 0 2 2 0 0 
d486 0 2 1 1 1 0 0 0 0 1 1 1 0 2 1 2 1 0 0 0 2 1 2 1 1 1 1 2 0 0 0 1 1 0 1 1 1 2 1 1 0 1 
d487 2 0 2 2 1 0 0 1 0 0 0 0 0 0 0 2 2 1 0 1 1 1 
d488 2 0 0 0 0 2 
d489 1 2 2 0 1 2 0 1 1 0 0 0 2 2 2 2 2 0 0 1 1 0 2 2 2 2 0 0 2 2 1 1 2 0 
d490 1 1 1 1 2 1 1 1 1 1 1 1 1 1 2 1 1 2 1 1 2 1 1 1 1 1 1 1 1 1 1 1 2 2 2 1 1 2 1 1 1 2 1 1 1 2 
d491 0 0 0 1 1 0 0 0 1 0 1 1 0 1 0 0 1 0 0 0 0 0 
d492 2 0 1 1 0 1 0 2 0 1 2 0 2 2 
d493 0 2 2 1 1 0 0 1 1 1 0 1 1 2 2 1 1 1 1 1 
d494 0 0 0 2 0 0 0 0 0 1 0 0 0 2 0 1 2 2 2 
d495 2 2 1 2 0 2 1 2 2 1 2 1 1 2 2 2 1 2 0 2 2 2 2 2 1 1 1 2 2 2 2 1 2 1 2 2 2 2 
d496 2 1 2 1 2 2 1 1 1 1 1 2 2 1 2 1 2 1 1 2 1 2 1 2 1 1 2 2 
d497 2 2 1 1 1 2 0 2 1 1 1 1 1 
d498 0 2 0 0 0 0 0 0 2 2 
d499 2 2 2 2 2 1 1 0 0 1 2 
d500 2 2 2 1 1 1 1 2 2 1 1 1 2 2 1 1 1 1 
d501 0 0 2 1 1 0 0 1 1 2 0 1 0 
d502 1 2 0 0 1 1 0 0 0 0 1 1 0 0 2 1 0 2 1 0 2 0 1 1 0 1 1 1 1 0 1 1 0 
d503 2 2 1 1 2 2 2 1 1 1 1 2 1 1 1 1 2 1 1 1 1 1 
d504 1 1 0 1 0 1 1 0 0 1 0 1 0 2 2 2 0 1 1 1 0 1 1 
d505 1 0 0 1 0 0 1 0 1 0 1 1 2 0 0 0 0 1 0 1 1 0 
d506 1 1 2 1 1 0 1 1 1 2 1 1 1 1 1 1 1 1 1 2 1 1 1 1 1 1 
d507 2 2 1 0 1 0 1 0 1 1 
d508 0 2 2 2 2 1 0 2 2 1 0 0 0 2 0 2 0 0 2 0 1 0 1 2 
d509 2 0 1 2 2 1 2 1 2 1 1 2 1 1 1 2 1 1 1 1 1 
d510 2 2 0 0 2 2 2 0 0 0 0 1 0 0 2 0 1 1 2 0 0 2 1 2 0 2 2 2 2 1 1 0 
d511 1 2 1 1 1 1 2 1 1 1 1 1 1 1 1 1 2 1 1 1 2 2 
d512 1 1 1 2 2 1 1 2 1 1 2 1 1 1 2 2 1 2 2 1 2 1 2 1 1 1 1 1 1 2 1 
d513 2 2 2 2 2 
d514 0 0 2 2 2 0 0 0 1 0 2 0 1 2 
d515 2 0 0 0 0 
d516 1 1 1 1 2 2 1 0 0 1 1 1 2 1 2 1 1 1 1 2 1 1 
d517 1 1 1 1 1 1 1 
d518 1 0 0 1 0 0 1 1 
d519 2 1 1 1 1 1 1 
d520 1 1 1 2 1 1 
d521 0 1 0 1 1 1 1 
d522 1 0 0 0 1 1 0 
d523 2 2 0 0 2 2 2 0 2 
d524 1 2 2 1 1 2 1 2 1 
d525 1 1 1 2 2 2 1 2 
d526 0 0 2 1 0 1 0 2 0 2 1 1 2 2 2 1 
d527 2 1 2 1 2 1 2 1 1 
d528 2 1 2 2 2 2 1 2 0 2 1 
d529 2 0 0 0 1 1 2 2 
d530 2 1 2 1 2 2 1 2 1 1 1 1 
d531 1 0 0 1 0 1 1 1 1 0 
d532 0 1 2 2 2 2 0 2 2 0 1 
d533 1 1 2 2 0 2 2 0 2 0 2 2 
d534 1 0 1 2 1 0 0 1 2 1 0 1 2 1 1 1 1 1 1 1 1 1 
d535 2 1 0 1 0 2 0 2 0 2 2 1 
d536 1 2 1 1 2 2 1 2 
d537 1 2 2 1 2 1 1 2 2 
d538 2 2 2 0 0 0 0 0 2 2 
d539 2 2 1 2 1 1 2 2 1 1 1 2 
d540 2 2 1 1 1 1 1 2 2 
d541 2 2 2 2 0 0 0 2 0 2 0 2 
d542 2 2 1 2 2 2 1 2 1 2 
d543 1 1 2 1 1 2 1 1 1 1 1 
d544 1 1 2 1 1 2 1 
d545 2 1 2 1 2 0 2 0 0 1 1 0 1 1 1 1 1 0 1 2 1 1 0 0 1 1 1 
d546 2 2 2 2 2 2 2 2 2 2 2 2 2 2 1 2 2 2 1 1 2 2 
d547 1 0 0 0 0 0 0 1 0 1 0 0 0 0 
d548 0 2 2 2 0 1 0 0 0 1 0 0 0 1 0 1 1 0 
d549 0 0 1 1 2 2 
d550 1 2 1 1 2 
d551 1 0 0 0 0 
d552 2 2 2 2 2 2 2 2 2 2 1 2 2 2 1 2 2 1 2 
d553 1 0 0 2 1 1 0 1 1 0 0 1 0 0 2 1 1 0 0 1 1 1 1 1 0 1 
d554 2 1 2 1 2 1 1 0 1 1 2 0 0 2 2 1 1 2 0 1 1 2 1 2 1 1 2 
d555 2 2 1 2 1 2 2 2 1 2 1 2 2 2 1 2 1 2 2 1 1 1 1 2 
d556 2 0 2 1 0 2 2 2 
d557 0 1 2 0 2 1 2 2 1 0 1 
d558 0 0 0 0 0 0 1 2 2 1 
d559 0 2 2 0 2 1 0 0 2 2 1 0 
d560 2 2 2 2 2 2 2 1 2 1 2 2 
d561 1 0 0 1 1 1 1 1 0 1 1 1 0 1 
d562 2 1 1 0 1 0 1 1 0 0 1 0 2 1 1 1 1 
d563 1 1 1 2 1 2 1 1 1 1 2 1 1 2 1 2 1 
d564 2 0 2 2 2 1 2 1 2 1 0 2 1 0 2 2 2 0 1 1 2 1 2 2 2 2 2 1 1 1 1 0 0 0 1 1 1 1 1 1 1 
d565 0 2 2 2 1 1 0 0 2 2 0 2 0 1 1 1 2 0 2 1 1 1 1 1 1 1 1 2 0 1 1 1 1 1 0 1 2 2 2 0 1 0 1 2 0 1 0 1 0 2 0 1 0 1 0 1 0 1 0 0 0 1 0 1 2 1 2 0 0 0 1 1 2 2 2 0 1 2 1 1 1 2 0 2 2 1 0 1 1 0 0 2 1 1 2 1 1 2 2 0 2 0 0 1 0 2 0 2 0 0 1 0 1 1 0 1 1 1 1 1 0 0 1 1 0 2 1 1 1 1 0 1 1 
d566 2 0 2 0 1 2 2 2 2 0 1 1 2 2 2 0 2 1 0 2 1 1 1 0 1 1 0 2 2 2 0 1 0 0 2 0 1 2 0 2 1 0 1 1 1 0 0 2 0 0 0 0 1 0 1 1 1 1 0 1 1 1 1 1 0 
d567 2 2 1 2 2 1 
d568 0 2 2 2 2 2 2 1 1 2 2 1 0 0 2 1 1 2 2 
d569 1 2 0 0 0 1 0 1 2 1 1 0 0 1 1 1 0 1 0 0 0 2 1 0 1 2 1 2 1 
d570 1 1 1 0 1 1 1 
d571 2 2 2 1 2 2 2 1 2 2 1 1 2 0 1 1 2 1 1 2 2 2 2 2 2 2 2 2 2 1 1 1 2 1 2 1 1 2 1 2 1 2 1 1 2 2 2 1 2 2 2 2 2 0 2 2 1 1 2 2 2 2 1 2 1 2 1 1 2 1 2 1 1 0 2 2 1 2 0 1 1 1 2 2 
d572 2 1 2 2 2 0 1 0 1 2 2 0 1 1 1 1 1 2 2 0 2 0 2 1 1 0 1 2 0 1 0 1 0 1 1 0 0 0 0 1 1 1 2 1 0 1 1 1 2 2 1 2 1 1 2 0 
d573 1 1 0 1 1 1 1 1 0 0 1 1 0 1 1 1 0 1 0 0 1 1 1 0 0 0 1 0 1 0 1 1 1 0 0 0 1 0 0 1 0 1 1 1 1 1 0 
d574 0 0 2 0 0 0 0 0 0 0 2 1 1 2 2 1 2 1 0 1 0 0 2 1 0 0 2 1 0 0 0 0 0 1 1 1 1 1 1 1 1 0 1 
d575 2 2 2 2 2 1 1 2 2 2 1 2 1 1 2 2 1 2 0 2 0 2 1 2 2 2 2 2 2 2 1 2 2 2 
d576 2 1 0 1 1 2 0 2 0 1 0 0 2 0 2 1 0 0 1 0 1 0 1 1 1 0 0 0 1 0 1 1 0 0 0 1 1 1 0 0 1 1 1 1 0 
d577 1 1 1 2 2 1 1 0 1 2 2 1 1 2 2 2 1 1 1 0 1 2 2 2 0 1 2 1 2 0 1 2 2 2 1 1 2 2 1 2 2 1 1 2 2 2 2 2 1 1 2 2 2 2 1 1 2 2 2 1 1 1 1 1 1 1 2 2 1 2 2 2 1 1 1 2 2 2 2 1 2 0 1 1 2 2 1 1 2 1 0 1 1 2 1 0 0 1 1 0 0 1 1 2 2 1 2 1 0 2 1 1 2 2 2 1 1 2 2 1 2 2 1 1 1 2 2 1 2 1 1 2 2 1 1 2 1 1 1 2 1 1 1 2 
d578 1 1 1 1 1 1 1 1 1 1 1 1 1 1 1 1 1 1 1 1 1 1 1 1 1 1 
d579 2 1 1 1 0 1 1 1 0 1 1 1 1 1 2 1 0 1 1 1 1 1 1 0 1 1 1 1 1 1 1 1 1 2 1 0 2 1 1 1 1 1 
d580 2 2 1 1 1 0 2 1 0 1 1 0 1 1 1 1 1 0 1 1 
d581 1 0 2 1 1 1 1 1 
d582 2 2 1 2 0 1 
d583 0 1 1 0 0 0 1 1 0 
d584 1 1 1 1 1 1 1 1 1 
d585 2 1 2 2 2 2 
d586 2 1 1 1 1 1 1 2 1 1 1 1 1 1 1 1 1 2 1 1 1 1 1 1 1 2 1 1 1 
d587 1 1 1 1 1 1 1 1 1 1 1 1 1 
d588 1 0 0 1 1 0 0 0 1 1 0 
d589 1 2 1 1 2 1 1 1 2 2 2 2 1 1 1 1 1 
d590 1 2 1 1 1 2 2 0 0 1 2 1 2 1 1 1 0 2 2 1 2 2 1 0 1 1 2 1 0 2 2 1 2 2 
d591 2 2 1 1 1 0 2 1 2 1 2 0 2 1 2 2 2 2 2 2 2 2 2 0 2 1 1 2 2 1 1 0 0 1 0 1 2 0 2 1 0 0 0 2 0 1 1 2 0 1 2 0 1 0 0 1 1 2 0 1 1 1 1 0 1 0 0 1 1 1 2 1 2 0 0 1 1 1 2 0 2 1 2 1 1 1 2 
d592 0 0 1 0 0 1 0 2 0 1 0 2 1 1 2 1 0 0 1 1 0 1 2 0 1 1 1 1 1 0 1 2 1 
d593 2 0 0 0 2 0 2 2 2 0 
d594 0 0 1 2 2 1 0 1 0 1 2 0 1 2 2 2 1 1 1 1 1 2 1 2 
d595 1 1 1 1 0 2 1 2 2 1 1 1 1 1 1 1 1 
d596 1 0 0 0 1 1 1 1 1 
d597 1 0 0 0 0 0 1 1 0 1 0 0 1 0 0 0 0 0 0 0 1 1 0 0 
d598 1 2 1 1 1 1 1 1 
d599 2 0 0 2 2 2 2 2 2 
d600 2 1 1 0 2 0 1 0 1 1 2 
d601 1 0 1 1 1 0 1 1 0 1 1 1 1 
d602 1 0 1 1 1 1 1 0 1 1 1 1 1 1 1 1 1 
d603 0 0 1 0 1 0 0 0 0 1 
d604 2 2 1 1 0 1 2 1 1 1 2 1 1 2 1 2 1 1 1 1 2 1 1 2 1 
d605 2 2 2 0 2 0 0 2 2 2 2 2 0 2 1 1 0 0 2 2 2 1 2 2 2 2 2 2 2 2 2 
d606 2 0 0 2 2 2 0 0 0 2 2 0 2 2 2 2 2 
d607 0 2 0 2 2 1 0 2 1 1 0 1 2 1 1 1 0 0 2 1 2 2 0 1 0 1 0 1 0 1 2 1 1 2 1 
d608 1 1 1 1 1 1 0 1 0 0 1 0 1 
d609 1 1 1 0 0 1 1 2 2 0 0 0 2 0 1 2 1 1 0 0 
d610 2 0 0 0 0 0 
d611 0 0 0 0 0 0 0 0 1 
d612 0 0 1 0 1 0 0 1 0 1 0 2 1 0 1 1 0 0 2 0 1 
d613 2 1 2 1 2 0 1 0 2 1 1 2 0 1 2 2 2 2 1 0 2 1 0 2 0 1 0 0 1 0 1 1 0 
d614 1 1 1 1 1 1 1 1 
d615 2 0 2 2 0 0 1 0 0 0 1 0 2 1 0 1 0 1 1 0 1 1 0 0 0 2 0 0 2 0 1 0 1 
d616 1 1 0 1 1 1 1 1 
d617 2 1 2 2 1 2 1 2 1 2 2 2 2 1 2 2 2 1 2 2 2 
d618 1 1 1 1 1 1 2 2 1 2 1 1 2 2 1 1 2 1 1 2 2 1 2 1 1 1 2 1 1 2 
d619 2 0 0 0 1 0 1 0 1 0 2 1 0 0 1 
d620 1 2 2 2 2 2 
d621 0 2 2 1 2 
d622 0 0 0 2 2 2 0 
d623 2 2 2 0 2 0 0 0 2 2 
d624 2 1 2 2 2 2 2 2 2 2 2 2 2 1 2 2 2 
d625 0 0 2 2 1 2 2 2 0 2 2 2 2 2 0 1 0 2 
d626 2 1 1 1 2 1 2 1 2 2 2 2 1 2 2 2 2 1 2 2 0 1 1 1 2 2 0 2 0 1 2 2 1 0 1 1 1 2 2 1 1 2 1 2 
d627 2 1 1 0 1 1 1 1 1 2 0 0 1 0 1 2 2 1 1 0 1 1 0 1 1 0 1 2 1 1 1 2 1 1 1 2 2 2 1 2 1 2 0 0 1 1 1 2 0 0 1 0 1 2 0 1 2 1 2 0 1 2 1 1 1 0 1 1 1 2 1 1 2 2 
d628 1 2 2 1 1 1 1 2 1 1 2 1 1 1 1 1 2 2 2 2 2 2 2 0 2 1 2 2 2 1 2 1 2 1 2 2 2 1 0 1 1 1 1 1 2 2 1 1 1 1 2 1 1 2 1 1 1 1 2 2 1 2 2 1 1 1 1 2 1 1 2 1 2 2 1 1 1 2 1 2 1 1 2 1 2 1 2 1 1 1 1 1 1 1 1 1 2 1 2 2 2 1 1 1 1 1 2 1 2 2 1 1 2 1 
d629 2 0 1 0 0 2 0 1 2 0 0 1 0 0 1 2 1 0 1 2 0 1 1 0 1 1 1 1 2 2 0 1 1 1 2 
d630 1 0 1 0 1 0 1 1 0 2 2 0 0 1 1 1 1 2 2 0 1 1 1 2 2 1 2 2 2 2 
d631 0 0 2 0 1 0 
d632 1 0 1 0 0 1 1 0 0 0 1 0 0 0 0 0 0 0 
d633 2 2 2 2 1 2 2 2 2 1 2 2 
d634 0 1 1 2 0 1 0 1 1 0 0 1 0 1 0 1 1 1 1 0 0 1 1 2 1 1 1 1 1 0 0 1 2 2 0 0 2 1 1 2 0 1 1 2 
