d0 2 1 1 2 2 0 2 1 1 2 1 0 0 2 2 1 2 1 1 0 0 2 0 1 2 2 0 1 2 1 0 2 0 2 2 2 1 2 1 0 0 2 1 2 1 0 2 2 1 0 2 1 0 1 2 0 0 0 1 1 0 1 0 0 2 1 2 1 1 0 1 1 0 1 1 
d1 1 2 0 1 0 0 0 1 0 
d2 2 1 1 2 2 1 0 2 2 1 1 1 2 1 
d3 2 2 1 1 1 1 1 1 1 1 1 1 1 1 1 1 1 1 1 1 1 
d4 2 2 1 2 1 2 2 2 2 0 1 1 1 1 2 2 2 1 1 1 0 1 
d5 1 2 2 0 0 0 0 1 1 1 0 1 1 1 
d6 0 1 1 1 1 1 
d7 1 2 1 0 0 1 1 1 0 1 1 1 1 0 2 1 1 2 0 2 0 1 
d8 1 1 0 1 1 1 0 2 1 1 1 0 1 1 2 1 1 
d9 1 0 2 0 0 2 1 0 0 0 1 1 0 1 1 1 0 1 1 1 0 1 0 1 0 1 1 1 1 1 
d10 0 2 2 0 0 2 2 2 0 0 2 1 2 0 0 0 2 0 0 1 2 2 0 
d11 1 0 1 0 0 0 0 0 0 1 1 0 0 1 0 0 
d12 2 1 2 2 1 
d13 0 1 0 0 1 1 1 0 0 0 0 1 1 1 1 0 1 1 1 1 0 1 1 0 
d14 0 2 0 1 1 0 0 1 1 1 1 
d15 2 2 1 1 1 1 1 
d16 1 1 1 1 0 0 0 0 0 0 0 0 1 1 1 0 
d17 1 1 1 1 1 1 1 1 1 1 
d18 2 1 2 2 2 2 2 1 1 1 2 2 1 2 1 1 1 1 
d19 1 1 1 2 2 1 1 2 2 2 2 2 1 1 1 1 1 2 1 1 2 1 2 1 1 
d20 0 1 2 2 2 2 2 0 2 2 2 2 1 0 1 1 1 2 2 1 2 2 1 2 2 1 1 2 2 2 0 2 1 2 2 2 1 2 1 2 2 1 1 2 0 2 1 2 2 0 1 1 1 0 2 
d21 1 0 0 1 1 1 0 1 1 2 0 1 2 2 1 2 2 2 1 2 1 1 2 1 1 2 1 2 1 2 
d22 0 1 2 2 2 1 1 1 1 1 2 2 1 1 1 1 1 2 1 
d23 2 1 1 2 2 2 1 1 2 2 2 2 2 1 2 
d24 0 1 0 2 1 1 2 1 1 1 0 0 1 2 1 0 2 1 2 1 2 1 2 2 1 
d25 0 2 0 0 0 2 1 0 2 2 0 1 
d26 2 0 0 2 2 1 2 1 1 
d27 1 1 2 2 2 2 2 2 2 2 2 2 1 1 2 2 2 1 2 2 2 1 1 1 
d28 1 1 1 0 2 2 0 1 2 1 1 0 2 2 2 2 1 2 2 0 0 2 2 2 2 1 0 2 2 2 0 0 2 2 1 2 1 2 2 2 2 0 1 2 1 0 0 0 2 0 0 1 2 0 2 1 0 2 0 2 2 2 2 0 2 
d29 1 1 1 2 2 1 1 1 1 1 1 1 0 2 1 0 1 
d30 0 0 2 2 1 2 2 1 2 0 2 2 0 0 1 1 2 2 1 1 2 1 1 1 1 1 2 0 2 1 1 2 1 
d31 2 2 2 0 1 1 
d32 1 0 0 1 2 1 0 1 0 0 2 2 0 0 0 0 2 2 0 2 2 2 2 2 0 2 1 2 1 1 1 2 2 0 1 1 1 1 1 1 
d33 1 1 1 1 1 1 1 1 
d34 2 1 1 1 1 2 2 1 1 1 2 1 1 1 1 
d35 1 1 0 2 1 2 2 0 1 1 1 1 0 0 0 0 0 0 1 0 0 1 1 1 0 0 2 1 1 2 1 2 
d36 1 0 0 2 2 0 1 1 0 0 2 1 1 1 1 1 0 0 2 1 0 1 2 1 1 0 1 
d37 0 1 2 2 1 2 2 2 2 2 2 2 2 1 1 1 2 2 2 2 1 1 1 2 1 1 
d38 2 2 2 1 2 
d39 2 1 2 1 2 0 2 1 1 1 1 2 1 1 1 2 1 1 2 1 1 1 1 1 
d40 2 2 1 1 1 2 2 2 1 2 2 2 2 1 2 1 2 1 2 2 1 1 
d41 2 2 2 2 2 2 2 1 2 2 2 1 1 1 2 
d42 2 0 2 1 2 2 1 1 1 2 1 2 2 1 2 1 2 2 2 1 1 2 2 2 1 1 1 2 2 2 1 2 2 1 1 2 2 
d43 2 2 2 2 0 2 2 2 0 2 0 2 0 0 1 2 2 2 2 0 1 0 2 0 2 2 0 0 0 2 1 0 2 2 2 0 2 2 0 2 2 0 0 2 1 2 2 1 2 0 2 2 2 2 0 2 2 0 2 2 0 0 0 1 2 0 2 2 
d44 2 2 2 2 2 1 1 2 1 2 2 1 2 2 1 2 1 2 1 1 2 1 1 2 2 1 2 1 1 1 1 
d45 0 1 2 1 
d46 2 2 0 0 2 2 1 2 2 2 2 
d47 1 1 1 1 1 1 1 0 1 1 1 1 1 0 
d48 1 1 1 1 1 1 1 1 1 1 
d49 1 1 2 1 2 1 1 1 1 2 2 1 1 1 1 
d50 2 2 2 0 0 1 1 1 2 0 2 1 1 1 
d51 2 2 1 1 1 2 1 1 2 2 2 2 1 1 1 
d52 1 1 1 1 1 1 1 1 1 1 1 1 
d53 0 0 1 1 0 1 1 1 1 1 1 1 0 1 0 1 0 1 1 0 1 
d54 0 2 0 1 1 2 0 0 2 2 0 2 2 1 0 1 1 0 0 1 0 0 1 1 0 2 1 2 0 
d55 1 1 1 2 0 1 1 1 2 1 1 2 1 1 1 2 1 1 1 1 1 
d56 2 2 2 2 1 2 0 2 2 0 1 0 1 2 2 2 0 2 2 0 1 1 0 
d57 2 2 1 2 2 1 1 2 2 1 1 2 2 2 2 2 2 1 1 
d58 1 1 2 1 2 2 2 2 2 1 2 2 2 1 2 1 1 1 1 
d59 2 0 0 0 2 0 0 1 1 2 1 1 1 1 
d60 1 1 1 1 1 1 1 
d61 0 0 1 0 
d62 0 1 0 2 1 0 0 1 
d63 0 1 2 0 1 2 0 0 2 0 2 1 2 1 2 2 0 2 2 0 2 2 0 2 1 2 1 1 1 0 1 1 1 1 0 2 2 1 1 1 1 1 0 2 0 1 2 0 1 2 1 0 1 
d64 1 1 1 1 0 1 1 
d65 1 1 1 1 1 1 1 1 1 1 
d66 1 1 1 1 1 
d67 1 1 2 1 1 2 0 2 2 2 1 2 2 2 1 1 0 2 1 1 1 1 
d68 2 0 0 0 1 2 0 2 0 2 2 2 1 1 2 1 1 2 1 1 1 1 2 1 
d69 2 1 1 2 1 2 0 2 0 1 0 2 2 2 0 1 2 1 0 2 1 2 2 2 2 2 
d70 0 1 1 0 0 0 1 0 0 0 1 1 1 1 
d71 2 1 0 2 2 2 1 2 
d72 1 2 2 2 2 1 2 1 1 1 2 1 2 2 1 2 1 0 1 2 0 0 2 0 1 2 2 2 1 2 1 0 1 1 2 2 1 1 2 1 2 1 
d73 1 1 1 1 1 1 
d74 0 2 2 2 2 1 0 2 0 1 2 0 2 1 2 2 2 0 0 2 2 1 1 0 0 2 0 2 
d75 0 1 1 0 2 0 2 0 2 1 2 0 1 0 1 2 0 0 0 1 1 1 1 0 0 0 0 0 1 0 0 1 0 1 2 0 0 1 
d76 1 1 1 1 1 1 1 1 2 1 
d77 2 2 0 1 1 1 1 2 0 2 1 1 1 2 1 0 2 1 1 2 1 2 1 1 1 1 1 1 1 1 1 
d78 1 2 1 1 1 0 0 0 0 1 0 0 2 0 2 0 1 2 
d79 1 1 1 2 2 2 1 1 0 2 2 2 1 2 1 1 2 2 2 2 1 2 2 1 1 1 2 1 1 1 2 2 1 1 1 2 2 2 1 2 1 1 1 2 1 2 1 2 2 2 1 1 1 2 1 1 1 1 1 1 1 1 1 2 2 1 1 1 1 2 1 1 1 1 1 
d80 0 1 2 1 0 0 1 0 0 1 
d81 2 0 2 2 0 1 2 2 1 2 0 2 2 2 2 2 1 
d82 2 1 1 2 2 2 1 1 2 2 2 2 2 2 2 2 
d83 2 0 2 0 0 0 0 0 2 0 0 0 0 2 1 0 0 1 0 
d84 1 0 1 1 1 1 1 
d85 0 0 2 2 1 2 0 2 1 2 2 0 2 2 2 2 
d86 1 2 1 1 1 1 1 1 1 
d87 2 1 2 2 2 2 2 2 
d88 1 2 0 1 0 1 1 1 1 
d89 1 1 1 1 1 1 1 1 
d90 2 0 0 1 0 0 0 1 2 2 1 2 2 0 0 0 2 1 0 1 0 2 1 0 0 1 1 0 1 0 1 0 1 1 0 
d91 0 0 1 1 1 0 1 0 0 2 1 1 
d92 1 1 2 1 2 1 1 1 1 1 2 2 1 1 2 2 0 0 1 1 1 1 1 1 1 
d93 2 1 2 1 1 2 1 2 2 0 0 1 0 1 0 1 2 1 2 2 1 1 1 2 2 1 1 2 0 2 
d94 0 2 2 1 1 0 
d95 2 2 0 2 0 0 1 1 2 0 0 0 2 1 1 1 2 1 0 1 1 0 1 2 1 1 1 0 1 2 1 1 1 1 1 1 
d96 2 0 2 0 2 1 2 2 2 2 2 0 2 2 2 0 2 0 1 2 0 0 1 1 2 2 2 1 0 0 0 0 2 0 0 0 0 1 0 2 2 1 1 0 1 0 1 2 2 2 0 2 2 2 0 1 2 2 0 
d97 0 2 1 2 0 2 0 2 2 2 2 2 0 1 2 0 0 
d98 1 1 1 1 1 1 1 1 1 
d99 0 0 0 1 0 1 1 0 1 1 0 1 1 1 
d100 1 1 1 2 2 1 2 1 2 2 1 2 2 1 1 2 1 1 0 1 1 2 2 1 2 2 2 
d101 0 1 0 0 0 0 1 1 2 0 0 0 1 0 0 0 0 1 0 2 0 0 1 1 1 2 0 1 0 0 1 0 0 1 0 1 0 1 1 1 1 1 1 1 
d102 2 1 2 1 2 1 2 2 1 2 1 2 2 2 2 2 2 1 1 1 1 1 2 1 1 1 2 1 1 1 1 1 1 
d103 2 0 1 2 2 1 1 1 1 2 0 1 1 1 1 1 1 1 1 1 
d104 1 1 2 2 1 1 1 1 
d105 0 1 1 0 0 0 1 1 0 1 1 1 
d106 0 2 1 0 0 1 0 0 2 1 1 0 1 1 1 0 1 1 1 1 1 1 1 2 1 1 1 0 1 
d107 2 2 2 2 2 2 1 2 2 1 2 2 2 2 2 2 2 1 2 
d108 1 0 1 0 1 0 1 0 0 1 0 1 0 0 1 1 1 1 1 0 1 
d109 0 0 0 0 1 0 0 0 0 1 1 0 1 0 1 0 
d110 2 2 2 2 2 1 2 1 2 2 2 2 1 
d111 2 0 0 1 1 0 0 0 0 1 1 1 2 1 0 0 0 0 0 1 
d112 2 2 1 2 2 2 1 2 1 1 2 2 
d113 2 1 0 0 1 0 0 1 1 1 1 2 0 0 0 0 0 0 
d114 1 1 1 1 1 0 0 0 0 1 0 1 1 2 0 0 2 2 2 0 0 1 1 0 0 0 0 1 1 0 1 1 0 0 1 1 0 0 1 0 0 1 1 0 2 0 1 1 2 1 0 0 1 1 0 2 0 2 1 1 1 1 1 1 1 1 1 
d115 1 0 0 0 1 0 1 1 1 0 1 1 1 1 1 0 1 1 1 0 1 
d116 1 1 1 0 1 1 
d117 1 0 0 0 1 0 0 1 0 0 1 1 0 0 1 0 0 0 1 0 1 0 1 0 1 
d118 0 0 0 0 0 1 
d119 0 2 1 0 1 0 0 0 0 2 0 0 1 0 1 1 0 1 0 1 1 2 0 1 0 2 0 1 1 
d120 0 2 2 2 2 
d121 1 0 0 0 0 1 1 1 1 1 1 0 1 1 
d122 2 1 0 1 1 2 1 0 0 0 2 0 0 1 
d123 1 2 2 2 2 1 
d124 1 2 2 2 1 2 0 2 0 0 2 1 2 1 1 1 
d125 1 1 1 1 1 0 1 1 1 1 
d126 2 2 0 1 1 2 0 1 1 2 2 2 1 1 2 2 0 2 1 2 2 0 0 0 2 1 0 1 2 2 1 0 2 2 0 2 2 2 1 1 2 1 
d127 0 1 0 0 0 0 0 
d128 1 2 0 0 0 0 1 1 0 0 1 1 1 0 0 1 1 
d129 2 2 1 0 0 0 1 0 
d130 0 0 0 0 0 2 1 0 2 0 0 0 2 0 1 1 1 0 0 0 0 2 0 1 0 0 0 0 1 2 
d131 0 1 1 0 1 
d132 2 0 2 0 2 0 2 2 2 0 1 1 0 1 1 2 0 2 1 0 1 
d133 1 2 1 2 2 2 1 2 1 1 2 1 2 2 
d134 1 2 2 1 1 2 1 
d135 2 1 2 2 1 0 2 0 1 
d136 1 1 1 0 1 1 0 1 1 1 1 1 
d137 1 0 1 1 1 0 1 
d138 1 0 0 1 0 1 1 1 
d139 0 0 0 1 0 0 0 1 1 1 1 0 
d140 1 1 2 2 2 2 1 1 2 2 1 2 2 2 1 1 2 2 1 1 2 2 1 1 2 1 1 1 
d141 0 2 0 0 0 0 0 0 1 1 2 0 1 2 1 0 0 1 2 1 2 0 2 2 0 0 0 2 0 1 2 2 2 1 1 0 1 0 0 2 2 0 0 0 1 0 2 1 0 0 2 0 1 0 0 1 0 1 0 1 0 0 0 2 1 1 0 
d142 2 2 2 0 2 1 2 1 2 2 2 2 2 1 2 2 2 1 1 
d143 2 1 2 2 1 1 2 1 2 1 2 1 2 1 1 1 1 1 1 1 1 1 1 
d144 0 1 2 2 2 2 2 1 2 1 2 2 2 2 2 2 1 2 2 2 2 1 2 2 2 2 2 2 1 1 1 2 2 2 2 1 2 2 1 1 2 1 1 2 2 2 1 1 1 2 1 2 
d145 2 2 2 1 1 1 1 1 2 1 1 1 
d146 2 0 0 0 0 0 1 1 1 1 1 0 0 2 1 1 1 1 
d147 1 1 1 1 1 1 1 1 1 1 1 1 1 1 1 1 1 1 
d148 1 2 1 2 1 
d149 0 0 0 0 1 
d150 2 0 0 0 1 1 1 1 0 
d151 2 0 0 2 2 2 0 1 0 2 2 1 2 1 1 0 0 0 1 0 0 2 0 2 1 0 0 1 0 0 0 2 1 2 1 0 0 
d152 0 1 1 1 1 
d153 2 1 1 1 1 1 1 1 2 1 1 1 1 1 1 1 1 1 1 1 
d154 2 2 1 2 1 2 1 0 2 0 2 1 1 1 2 
d155 1 1 2 2 1 1 2 2 1 2 1 1 1 1 1 1 1 1 
d156 0 0 0 0 0 0 0 0 0 1 
d157 1 1 1 1 1 2 1 1 1 1 1 1 1 1 1 1 1 1 1 1 1 1 1 1 
d158 0 1 0 2 2 1 1 2 1 1 1 1 1 1 2 1 1 1 1 1 1 1 1 1 0 1 
d159 0 0 1 1 1 0 0 0 0 0 0 1 1 1 0 0 1 1 1 1 0 0 1 1 0 
d160 2 0 0 2 0 1 2 1 0 0 2 0 2 1 1 2 
d161 1 2 1 1 1 1 1 1 1 1 
d162 0 0 2 0 1 0 0 2 0 0 1 0 
d163 0 0 2 2 1 1 0 1 1 1 1 
d164 1 0 0 1 0 2 1 1 2 1 0 1 1 2 0 1 1 1 0 1 1 1 2 1 2 1 1 1 2 1 
d165 0 2 0 0 0 2 0 2 0 0 0 1 1 2 2 2 2 1 2 0 0 1 1 0 0 1 1 1 
d166 0 1 0 0 0 0 2 1 0 1 0 1 1 1 
d167 2 0 2 2 0 2 1 0 0 2 1 0 0 0 1 1 
d168 0 1 0 2 0 1 1 2 0 1 0 2 1 1 2 0 0 1 1 1 0 1 1 1 
d169 0 0 0 0 0 0 1 0 0 
d170 2 1 1 1 2 2 2 1 2 2 1 1 2 2 1 1 2 1 1 1 1 1 
d171 1 1 2 1 1 1 2 1 1 1 1 1 1 2 1 1 1 1 1 1 1 1 2 1 1 1 1 1 
d172 2 1 2 2 1 2 2 
d173 0 2 0 0 0 2 1 0 0 2 0 1 0 0 1 1 
d174 1 1 2 2 1 2 2 1 1 2 2 1 1 2 1 1 2 
d175 2 1 1 1 1 1 
d176 1 2 2 1 2 2 1 1 1 
d177 1 1 0 1 1 0 0 1 1 1 1 1 1 1 
d178 0 0 0 1 0 1 1 1 1 0 0 1 1 1 0 0 0 1 0 0 0 0 1 0 0 0 0 1 1 1 1 1 1 1 1 1 0 0 1 1 0 1 0 1 1 1 1 1 
d179 2 2 1 2 1 2 2 1 2 2 2 1 1 1 
d180 0 1 1 0 1 2 2 2 0 2 2 2 2 2 1 1 2 2 2 0 2 0 1 1 1 2 2 1 1 0 0 2 2 0 1 2 2 1 1 0 0 2 2 2 2 1 0 2 2 2 2 2 0 0 2 2 2 1 2 2 0 0 2 0 2 2 2 2 1 2 2 1 1 1 2 2 1 1 1 0 0 2 2 1 1 1 2 1 2 2 2 2 1 1 1 1 2 0 2 2 0 2 2 1 1 1 2 1 0 1 1 2 1 1 1 
d181 0 2 1 0 0 1 1 
d182 2 2 2 2 
d183 0 2 0 0 1 0 0 0 0 0 0 0 1 1 0 2 0 0 0 0 0 0 0 0 0 1 0 
d184 1 0 0 2 1 0 0 0 0 0 1 1 0 0 0 2 1 0 1 2 1 2 2 1 1 1 
d185 1 0 0 2 2 0 2 0 0 1 0 0 0 0 0 1 0 0 0 1 1 0 2 0 1 0 1 0 1 0 0 
d186 2 1 1 1 2 2 
d187 1 1 1 0 0 1 2 1 0 1 2 2 2 1 1 2 1 0 2 1 1 2 2 1 1 1 1 1 0 0 1 2 1 0 1 0 1 1 0 0 1 1 2 1 1 2 2 2 1 0 2 1 2 0 2 2 2 1 0 1 1 0 1 1 1 1 1 1 2 
d188 1 1 1 1 1 1 1 
d189 0 1 1 1 1 2 0 1 1 0 1 1 0 0 1 2 0 1 1 1 0 0 0 1 1 0 1 2 1 0 0 1 0 1 1 1 1 2 1 0 1 1 1 2 0 0 1 1 2 1 1 1 
d190 2 2 0 2 1 2 1 2 1 1 2 
d191 1 1 2 2 1 2 2 1 2 1 2 1 1 0 0 0 1 1 2 1 1 1 1 2 1 2 0 0 1 1 1 1 2 1 1 1 
d192 1 0 2 2 2 2 1 2 
d193 0 0 0 0 0 0 0 0 1 1 1 0 0 0 0 2 0 1 
d194 1 2 2 2 2 2 2 1 2 
d195 1 1 1 0 1 1 0 0 0 0 1 0 1 1 1 1 1 
d196 1 1 1 1 1 
d197 2 2 2 2 2 
d198 0 1 0 0 0 2 
d199 1 2 1 2 2 2 2 2 2 1 1 
d200 1 1 0 2 2 2 1 
d201 2 2 1 2 1 2 1 
d202 2 2 2 1 1 0 1 2 1 1 2 1 0 1 1 1 
d203 1 1 2 1 2 1 1 2 1 2 2 1 2 1 1 2 1 2 2 1 1 1 1 1 
d204 1 0 0 2 2 2 2 2 1 1 0 2 1 1 1 1 1 
d205 0 1 2 1 2 0 1 2 0 1 1 0 2 2 0 2 2 0 2 2 2 2 2 1 1 1 0 2 0 1 
d206 0 2 0 0 0 2 0 0 0 
d207 1 1 1 0 0 0 0 1 1 0 
d208 1 1 1 1 1 1 
d209 0 0 0 0 1 1 
d210 2 2 1 2 2 2 2 2 2 2 2 2 2 2 2 
d211 1 2 2 1 2 2 2 2 2 2 2 2 2 2 2 2 2 2 
d212 2 2 1 1 1 1 1 1 1 1 
d213 0 0 0 0 0 2 0 0 1 0 0 1 1 1 0 0 1 1 1 
d214 2 2 2 1 1 2 1 2 1 1 1 2 2 1 1 1 1 1 1 2 1 2 1 1 1 1 1 1 2 2 1 2 2 1 1 1 1 2 1 1 1 2 1 1 1 
d215 0 2 2 1 1 0 0 1 2 2 0 1 0 1 2 1 2 1 1 
d216 0 1 2 1 0 2 1 2 2 2 2 1 1 2 1 2 2 1 0 1 2 2 1 1 1 
d217 1 0 1 0 1 1 1 1 1 1 1 
d218 1 0 0 2 1 2 1 1 2 2 2 2 2 0 2 2 2 0 2 2 0 1 2 1 0 2 2 0 1 0 1 1 2 2 0 1 1 2 1 1 0 2 0 1 1 0 1 2 0 1 1 1 0 1 
d219 2 2 2 1 0 1 2 2 1 1 2 
d220 2 2 2 2 2 2 2 2 2 2 2 2 2 1 2 1 1 1 2 1 2 1 1 2 2 2 2 2 2 0 2 0 2 2 2 1 2 1 
d221 2 2 2 0 0 0 1 1 0 2 0 2 1 2 0 0 1 2 2 1 1 1 2 0 0 0 2 2 2 0 2 2 2 0 0 0 2 1 0 2 2 2 1 0 2 1 2 0 1 1 0 2 2 2 0 2 1 1 0 0 2 2 1 2 2 0 1 2 1 0 1 0 0 2 2 0 0 1 0 0 2 1 1 0 1 0 
d222 1 0 2 1 1 2 1 1 2 0 1 0 2 0 1 0 2 1 2 0 0 2 0 1 2 2 2 1 1 1 1 1 1 
d223 2 1 1 2 1 2 1 1 1 2 1 1 1 2 2 1 2 
d224 0 2 0 0 0 0 0 2 0 1 2 0 0 0 0 1 2 2 2 0 0 0 0 1 1 0 0 2 0 0 0 0 0 0 0 0 0 1 0 2 2 2 1 1 1 0 0 1 1 1 1 2 
d225 2 2 2 1 2 1 2 2 0 0 2 2 1 2 2 2 2 2 2 2 2 1 1 1 1 1 
d226 2 2 2 1 0 2 2 2 1 1 2 0 1 0 1 2 2 2 2 2 1 2 2 1 1 2 1 1 2 1 1 2 0 2 2 1 2 2 2 2 0 2 1 2 2 1 2 1 2 2 1 2 2 1 0 2 2 2 2 1 2 2 1 1 1 2 1 1 2 
d227 2 2 2 1 2 2 2 1 1 2 1 2 1 2 2 1 2 1 1 1 1 1 2 1 2 1 1 1 1 1 1 1 2 1 1 2 1 2 2 
d228 2 1 2 2 2 1 2 2 2 2 2 2 2 2 2 1 0 2 2 1 1 2 1 2 1 2 1 1 2 1 2 2 2 2 2 2 1 
d229 2 2 2 2 2 2 2 
d230 1 2 2 2 2 2 2 2 2 2 2 1 1 2 2 2 2 2 2 2 1 2 1 1 2 2 2 2 2 2 1 2 2 2 
d231 0 0 1 2 2 1 0 0 1 0 1 0 0 0 
d232 1 0 0 0 0 1 2 2 1 0 0 1 0 0 
d233 2 2 2 2 2 2 2 1 2 1 2 2 2 1 1 1 1 2 2 1 2 1 1 1 2 1 1 
d234 0 0 2 0 0 2 2 2 0 2 0 0 0 
d235 2 2 2 1 2 2 2 2 1 1 2 1 2 0 2 0 2 2 1 2 1 2 1 1 2 2 2 2 2 1 0 2 2 2 2 2 
d236 0 2 0 1 1 1 0 0 0 0 0 
d237 2 2 1 2 2 2 2 2 2 1 1 2 2 2 1 2 2 2 2 2 1 2 2 2 2 2 2 1 2 
d238 2 2 2 0 0 1 0 2 1 2 2 2 2 2 
d239 2 2 1 2 2 1 2 2 1 1 1 
d240 0 0 0 2 0 1 1 0 1 0 1 0 1 0 
d241 2 2 2 2 2 2 2 1 2 2 
d242 2 2 2 2 2 2 
d243 1 1 0 0 1 0 1 1 1 1 
d244 2 2 2 2 2 2 2 2 2 0 2 1 2 1 1 2 1 2 1 1 0 1 2 1 2 1 1 1 1 1 1 
d245 0 2 2 2 2 1 1 2 1 2 0 1 2 2 1 2 2 2 2 0 1 1 2 2 2 1 2 1 2 1 1 1 1 1 
d246 1 2 1 1 1 1 1 1 1 
d247 0 1 1 0 0 1 0 0 0 0 1 0 0 0 0 0 0 0 
d248 0 2 0 0 0 1 1 2 1 1 2 0 1 1 0 1 1 1 1 1 
d249 0 2 1 1 2 1 2 0 2 2 2 1 1 2 2 2 2 2 0 2 2 1 2 2 1 2 1 2 2 0 1 2 1 1 0 2 2 1 1 1 2 1 2 0 2 1 2 2 2 1 1 1 0 2 2 1 1 2 1 1 1 0 2 2 0 1 0 2 1 1 0 2 2 0 2 1 2 1 2 1 1 1 1 1 1 1 
d250 2 2 2 1 2 2 2 2 2 2 2 1 0 1 2 2 0 2 1 0 2 2 2 2 2 2 2 1 1 1 2 1 1 1 1 1 1 1 
d251 0 2 2 2 2 0 2 1 1 2 1 0 2 0 0 1 1 1 1 2 2 1 1 1 1 1 1 1 1 
d252 1 1 2 1 1 1 1 1 
d253 0 2 1 2 1 2 2 1 2 2 1 1 2 1 1 2 1 2 2 2 2 1 2 
d254 2 2 2 1 1 1 1 1 1 1 1 1 1 1 1 1 1 
d255 2 0 1 1 0 0 2 0 0 1 2 2 1 1 0 2 2 2 1 1 1 2 0 0 2 1 2 2 1 0 0 0 1 1 2 2 0 2 0 0 2 2 0 2 2 2 0 1 2 1 1 0 1 0 2 0 1 1 2 1 2 1 2 0 1 1 1 0 1 0 1 1 0 2 2 2 1 1 1 2 2 1 1 0 1 2 0 
d256 2 1 2 1 1 2 2 2 1 2 1 2 2 1 2 2 1 2 2 2 2 2 2 2 2 2 2 1 2 
d257 1 2 0 2 0 2 1 0 2 0 0 2 2 0 2 0 0 1 1 0 2 0 0 0 1 0 2 0 1 0 1 2 1 1 2 1 2 1 
d258 2 0 0 1 1 0 1 0 0 
d259 1 1 0 1 1 1 1 1 1 
d260 2 2 1 2 1 1 1 2 1 2 0 2 1 1 
d261 1 0 0 0 0 0 0 2 0 0 1 0 0 1 0 1 0 0 0 1 1 0 1 1 0 1 0 0 0 0 0 0 0 1 1 1 0 0 
d262 1 1 0 1 2 1 1 2 0 1 2 2 0 0 2 2 2 0 0 2 0 0 1 2 2 1 2 1 1 0 1 2 0 1 2 1 
d263 2 2 2 2 2 2 2 2 1 2 2 2 2 1 2 2 2 2 2 
d264 0 1 1 0 1 1 1 1 1 1 0 1 2 1 0 1 
d265 2 0 2 2 2 1 2 2 1 2 1 2 1 1 1 2 2 2 1 2 2 2 2 2 1 1 2 2 1 1 2 2 2 1 1 1 2 2 1 2 2 2 2 2 1 1 2 1 2 2 2 2 1 2 2 1 2 2 2 2 2 2 1 2 1 2 2 2 1 2 1 
d266 2 2 2 0 2 0 1 0 0 0 2 1 2 2 1 0 2 2 2 2 2 2 0 2 2 0 1 1 0 2 2 2 1 0 2 2 2 0 0 0 0 2 2 2 2 2 0 0 1 0 2 2 0 1 2 1 0 2 1 0 0 0 0 1 0 1 0 0 0 0 0 0 0 1 1 0 1 0 1 0 
d267 0 1 2 2 2 0 0 0 2 1 1 1 0 1 2 1 1 1 1 0 0 1 1 1 1 0 
d268 0 1 2 0 1 0 2 0 0 1 2 0 2 0 1 1 1 1 1 0 1 1 1 1 1 0 1 0 0 0 1 1 1 0 1 0 1 
d269 2 1 2 1 2 1 1 1 2 2 
d270 0 0 0 0 0 1 1 1 1 1 1 1 1 1 1 1 1 1 1 1 0 1 0 0 1 1 0 1 1 
d271 0 0 1 0 1 1 2 0 2 1 1 2 0 1 2 2 1 1 0 1 0 2 2 1 0 1 2 0 1 0 0 1 1 2 0 2 0 1 1 1 0 2 1 1 1 1 1 1 1 1 1 1 0 
d272 2 1 1 0 2 2 0 1 0 1 2 1 2 1 2 0 
d273 2 1 2 2 2 2 0 2 2 2 1 2 1 2 1 1 0 2 2 1 1 2 1 0 0 2 1 1 0 0 1 0 1 
d274 1 1 2 1 2 2 1 1 2 1 2 2 2 2 1 2 2 2 1 2 2 1 2 1 2 1 
d275 2 0 2 0 1 0 1 0 0 
d276 1 1 1 1 1 1 1 1 1 1 1 1 
d277 0 1 0 1 0 0 0 1 0 2 0 2 2 1 1 1 1 1 1 2 0 2 0 0 0 0 2 1 0 0 2 0 0 0 0 1 1 1 1 0 
d278 2 2 2 0 2 2 2 2 
d279 2 1 2 2 2 2 2 1 1 1 2 0 0 2 2 2 2 2 1 1 1 1 2 2 1 2 0 1 2 0 1 1 2 0 
d280 2 0 2 2 2 0 2 0 2 2 2 2 0 2 2 2 2 0 0 0 2 0 2 2 
d281 2 2 2 2 1 2 2 1 2 2 0 1 2 2 2 2 2 1 2 2 1 2 1 2 1 2 2 1 0 2 2 0 0 2 2 2 2 2 2 1 1 1 2 2 2 1 2 2 1 2 0 1 2 2 2 2 1 1 2 1 1 2 2 1 1 1 1 1 1 2 1 2 2 1 1 2 1 2 2 2 2 1 2 1 1 1 1 2 2 1 2 2 1 2 2 0 1 1 1 1 1 1 1 1 1 1 1 
d282 0 2 2 0 0 0 0 0 0 0 2 0 2 2 0 0 0 2 2 2 0 0 0 2 0 
d283 2 0 0 1 1 1 1 1 0 1 0 1 1 1 0 1 1 1 1 1 1 
d284 2 0 0 1 2 0 2 2 2 2 2 2 1 0 1 1 2 2 1 2 2 2 2 2 2 2 2 1 2 2 2 1 1 1 
d285 1 2 2 1 2 2 2 2 2 
d286 2 0 2 0 2 0 2 1 0 1 2 2 2 2 1 2 2 2 2 2 2 2 1 2 2 2 1 0 0 2 0 2 2 2 2 1 1 1 1 2 2 1 2 2 2 2 0 2 2 0 1 2 1 1 1 1 2 2 1 1 1 1 0 1 1 1 0 0 2 2 1 2 0 2 2 1 1 0 2 2 0 1 0 0 1 2 0 1 0 1 2 0 1 0 1 
d287 2 0 1 0 0 0 2 0 1 1 2 2 0 2 1 0 2 1 1 0 0 0 2 1 0 1 0 1 0 0 0 0 0 2 1 0 0 1 2 1 2 0 1 1 0 1 2 0 0 1 1 1 0 1 1 2 2 1 1 0 0 1 0 0 1 0 0 0 
d288 1 0 0 2 2 2 2 1 1 1 1 1 1 0 1 2 0 0 1 2 1 1 0 1 1 1 1 1 1 1 1 2 1 1 2 1 
d289 1 1 0 2 2 2 2 2 2 1 1 1 2 2 1 2 2 1 0 1 2 2 2 1 2 1 0 0 1 2 2 1 2 1 2 2 2 2 1 1 1 1 
d290 1 0 1 2 0 2 2 0 0 2 0 0 1 2 1 2 2 2 1 1 0 1 2 1 2 0 2 2 2 0 1 0 2 1 1 1 1 2 0 1 1 0 
d291 1 0 1 0 1 1 0 0 1 0 0 2 1 1 1 0 1 1 0 1 1 1 
d292 2 2 2 1 0 1 2 1 2 1 1 1 2 2 1 2 1 1 1 1 0 2 1 1 1 1 0 
d293 1 1 1 1 1 2 0 1 0 1 1 2 1 0 1 0 
d294 2 1 2 2 1 0 2 2 2 1 0 1 1 2 2 2 0 2 2 2 1 2 0 2 1 2 1 1 0 
d295 0 1 1 1 1 
d296 0 1 1 1 2 2 1 2 2 2 1 0 2 0 1 0 1 1 0 1 1 0 2 1 1 1 1 1 2 1 1 1 1 1 1 1 1 1 1 1 
d297 0 0 0 1 2 0 0 1 0 2 0 0 1 0 1 0 1 0 2 0 0 0 0 2 2 1 1 1 1 0 0 1 1 0 2 0 0 1 1 0 1 2 1 0 0 0 0 0 1 1 0 1 2 2 2 0 0 2 1 2 0 1 1 1 0 1 1 0 0 2 0 1 2 1 0 1 1 1 1 1 1 1 0 1 
d298 0 1 0 1 0 0 0 2 1 0 2 2 0 1 0 0 0 0 2 2 0 1 1 0 0 0 1 2 0 1 1 0 0 1 0 1 1 1 2 0 0 0 2 1 0 0 1 0 1 1 1 1 0 1 
d299 0 1 1 2 2 2 2 2 1 0 2 2 1 2 2 2 2 0 2 1 2 2 2 1 2 1 0 0 2 2 1 1 1 2 2 1 2 2 2 0 1 2 0 0 2 2 0 0 0 1 0 0 1 1 1 1 1 1 2 1 0 2 2 1 1 1 1 0 1 1 0 0 
d300 0 1 1 0 0 1 0 1 0 1 1 0 0 1 0 1 1 1 1 1 0 1 1 
d301 0 0 2 1 1 1 2 1 1 0 1 1 0 1 1 1 2 1 0 1 1 1 1 1 1 1 
d302 2 1 1 1 1 1 1 2 2 2 2 2 1 2 2 2 1 2 2 2 2 2 2 2 2 2 1 2 2 1 2 2 1 1 1 2 2 1 1 1 2 2 2 1 1 2 
d303 0 0 2 1 0 0 0 1 1 0 1 1 0 0 0 1 0 0 0 1 
d304 1 1 1 2 2 2 2 1 1 2 2 0 2 2 0 2 2 2 2 1 
d305 2 2 2 1 1 1 1 1 2 1 2 1 1 2 1 1 2 1 1 2 1 1 1 2 1 1 
d306 1 1 1 1 2 0 2 1 1 1 2 2 2 1 1 2 1 1 2 1 1 1 1 1 1 1 1 1 2 2 1 1 0 1 1 1 0 1 0 1 1 1 2 2 1 1 1 2 1 1 1 1 2 2 
d307 2 2 1 0 1 1 2 1 2 0 1 0 0 1 0 0 2 1 0 1 1 0 2 1 0 1 1 1 0 0 1 1 2 1 1 0 1 2 1 1 0 1 2 0 1 1 0 1 1 1 1 1 
d308 2 2 2 2 2 2 1 1 2 2 2 1 2 2 2 2 2 1 2 2 1 2 1 2 1 2 1 2 1 2 1 2 1 
d309 1 2 1 1 2 1 1 2 2 1 2 1 1 1 1 2 1 1 1 2 1 2 1 1 2 2 1 2 1 1 2 2 1 1 1 1 
d310 1 1 1 2 1 2 1 1 1 1 2 1 2 2 1 1 2 2 1 1 1 1 1 1 1 1 2 1 1 1 1 
d311 1 2 2 2 2 1 1 1 2 1 1 2 2 2 1 2 2 1 2 2 2 1 2 2 1 1 2 1 1 2 1 1 2 2 1 2 2 2 2 2 1 1 1 1 1 1 2 1 
d312 2 2 2 1 2 2 1 2 2 2 2 2 2 2 1 1 2 0 0 0 2 2 2 1 1 2 1 1 1 0 1 1 1 0 2 1 1 2 1 1 0 1 2 1 2 1 2 0 2 1 1 0 1 2 2 1 0 1 0 1 1 1 1 1 2 2 1 1 
d313 1 1 0 0 1 1 2 2 0 1 2 0 0 2 1 0 0 0 0 1 0 0 0 0 0 0 1 1 2 0 0 2 1 0 0 0 0 0 0 0 1 2 0 2 0 1 0 1 1 0 2 1 0 0 1 0 0 0 1 2 1 2 
d314 1 2 1 2 1 1 1 1 1 1 1 
d315 1 1 2 1 2 2 2 1 1 2 2 1 1 1 1 1 1 1 1 1 1 
d316 0 2 2 2 2 0 2 2 0 
d317 2 1 2 1 2 1 0 0 2 1 1 0 1 1 0 1 1 1 1 1 1 1 1 2 1 1 1 1 1 1 1 1 
d318 2 2 1 2 2 0 1 2 1 2 2 0 2 0 2 0 2 1 2 2 2 1 2 2 2 2 2 2 2 2 1 1 2 2 2 1 0 2 2 1 0 2 1 1 1 1 2 1 
d319 2 2 2 2 1 2 2 1 1 2 2 1 1 2 1 1 1 2 1 1 1 1 2 2 2 2 1 1 1 1 2 1 2 2 2 2 1 1 1 2 1 1 1 1 1 
d320 1 1 0 2 1 2 2 1 2 1 2 2 1 2 2 1 1 2 1 1 1 2 2 1 1 2 2 1 2 2 1 1 1 0 2 2 0 1 1 1 1 1 2 1 1 2 1 
d321 0 1 0 2 2 2 2 0 0 1 1 2 0 2 0 0 0 0 1 0 0 2 0 0 0 0 1 0 
d322 1 2 1 2 1 2 2 1 1 1 2 2 1 1 1 1 1 
d323 2 0 2 0 0 1 0 1 0 0 0 0 1 0 1 0 0 0 0 2 0 1 0 1 1 0 0 0 0 1 0 1 1 1 1 1 0 1 2 1 0 1 
d324 1 2 2 2 0 2 2 2 1 1 1 1 2 1 1 1 1 1 0 1 1 2 1 1 1 1 2 1 2 1 1 1 1 1 1 2 1 
d325 0 1 0 1 0 1 1 0 1 1 1 2 0 1 1 2 2 2 1 0 
d326 2 2 2 1 0 2 2 2 1 1 1 1 1 1 1 2 1 1 
d327 0 1 1 1 1 0 0 1 0 2 1 0 1 1 0 1 1 0 1 1 1 0 1 1 0 1 1 1 1 1 
d328 2 0 2 2 1 0 0 0 1 
d329 1 1 0 0 2 0 1 2 2 2 2 2 0 0 1 1 2 2 2 0 1 1 0 1 0 0 0 2 1 1 0 1 2 2 2 0 1 1 1 1 1 2 0 2 1 1 2 2 1 1 1 1 0 0 0 2 0 0 0 0 2 1 0 1 
d330 2 2 2 2 2 2 1 2 
d331 1 2 2 2 2 2 2 2 1 2 2 1 2 2 2 2 2 2 2 1 2 1 2 1 1 2 2 1 2 1 2 2 2 2 2 1 2 
d332 2 0 2 0 1 0 1 0 2 1 0 2 1 0 1 1 1 1 0 1 1 1 
d333 1 2 2 1 1 1 1 1 2 1 1 2 1 1 1 1 1 1 1 2 
d334 2 2 2 2 2 0 0 0 0 0 1 1 1 0 0 1 0 1 2 0 1 0 1 0 1 0 1 0 2 2 0 2 0 0 0 2 1 1 1 2 1 1 1 2 1 
d335 1 1 1 1 1 1 1 1 1 1 1 1 1 1 1 1 1 1 1 
d336 2 2 1 2 1 2 1 
d337 1 0 2 0 2 1 2 2 1 0 1 1 1 2 0 0 2 2 1 2 2 1 1 2 0 2 0 1 1 1 1 2 2 2 1 1 1 2 2 0 0 1 1 2 2 1 1 2 0 2 1 1 2 2 1 1 1 1 1 1 
d338 1 1 1 1 1 1 1 1 1 1 1 1 1 1 1 1 1 1 1 1 1 1 1 1 1 1 1 1 1 1 
d339 1 0 1 2 0 2 1 2 1 1 1 2 0 0 1 1 2 2 0 1 2 1 0 1 1 1 1 1 1 0 1 2 1 1 0 1 1 0 1 1 
d340 1 1 1 1 2 1 1 0 2 0 2 1 1 0 0 2 1 0 0 1 0 1 1 1 0 2 0 0 1 0 2 0 1 0 1 0 1 2 1 2 1 2 2 
d341 0 0 0 0 0 0 0 1 2 0 2 0 2 1 1 1 0 0 0 0 2 0 1 2 1 1 0 0 1 1 1 1 1 1 2 1 1 0 0 1 1 0 0 0 2 1 0 1 1 0 1 1 0 0 1 1 1 1 1 1 0 1 1 
d342 0 2 1 0 1 1 0 1 0 0 0 1 1 2 0 0 1 1 2 1 2 2 1 2 1 0 0 2 1 1 1 1 
d343 2 1 2 0 2 0 0 2 2 1 2 2 0 0 2 2 0 0 0 2 1 2 0 0 2 2 0 0 2 2 0 0 2 0 1 1 0 1 1 0 1 2 1 1 0 1 1 1 
d344 1 1 1 1 2 1 2 0 1 1 1 1 0 1 1 1 1 1 1 1 2 1 1 1 0 1 0 1 1 1 1 
d345 0 0 0 0 0 0 1 0 2 0 1 1 1 1 1 0 1 1 1 
d346 0 0 1 0 0 0 2 0 1 2 1 1 1 0 1 2 1 1 2 0 0 1 1 0 2 2 0 0 0 1 1 1 0 1 0 0 1 2 0 0 1 2 0 1 0 0 1 1 1 0 0 1 1 2 0 1 0 0 2 0 0 1 0 0 0 0 2 0 1 1 1 1 1 1 1 0 1 1 1 1 
d347 1 1 1 1 1 1 1 1 1 1 1 1 1 1 1 1 
d348 1 2 1 0 0 0 2 2 2 1 2 1 1 2 1 0 1 2 0 2 0 1 0 0 1 0 1 0 1 1 1 1 2 0 2 1 1 1 1 0 2 1 2 1 1 1 1 1 1 1 1 
d349 2 2 2 2 1 1 1 1 2 2 2 2 2 2 2 2 2 1 2 2 2 2 1 2 2 1 2 1 
d350 1 1 2 1 1 0 1 1 1 0 1 1 0 0 1 1 0 1 1 1 0 2 1 1 0 1 1 
d351 0 2 2 0 2 2 2 0 0 2 2 1 0 2 1 0 0 0 1 2 0 2 0 1 1 2 
d352 1 2 2 0 1 1 2 0 1 0 1 2 1 1 1 0 0 0 0 1 1 1 2 0 2 2 1 1 2 1 1 1 0 1 0 1 2 1 2 0 2 1 0 0 2 2 0 2 1 1 1 1 1 1 1 
d353 1 2 1 1 2 2 1 2 1 2 1 1 2 1 1 1 1 2 2 2 1 1 1 1 
d354 2 1 2 1 1 2 2 0 2 2 2 1 1 2 1 1 2 0 2 1 0 1 1 2 2 1 0 2 2 0 2 2 1 1 1 2 2 1 1 1 1 1 2 1 1 
d355 2 1 0 0 1 2 2 0 2 0 1 0 2 2 1 2 1 1 1 0 2 2 0 0 1 2 1 2 2 1 0 2 1 0 2 2 0 1 2 2 2 1 0 0 1 1 2 1 2 1 0 0 2 0 2 2 2 1 0 0 0 2 0 1 1 2 2 1 2 2 1 1 2 1 1 2 1 0 0 2 2 2 0 1 2 1 0 0 1 0 1 1 0 2 1 2 1 2 0 0 1 0 2 0 0 1 1 0 1 0 1 2 1 
d356 0 0 0 0 0 0 1 1 1 0 1 1 0 1 0 1 1 
d357 1 2 2 2 1 1 2 1 1 2 2 2 2 0 2 1 2 2 2 1 2 2 1 2 2 2 0 2 2 1 2 0 2 2 2 1 2 0 2 2 2 2 1 1 2 1 0 2 1 1 1 2 2 2 2 0 2 1 2 1 1 2 
d358 0 1 0 0 0 0 0 0 0 2 2 2 1 1 0 1 0 1 1 0 0 1 1 0 0 
d359 1 1 1 1 1 1 1 1 1 1 1 
d360 1 0 0 1 0 0 2 1 1 1 1 0 2 0 1 0 0 0 1 1 1 1 1 1 1 1 
d361 1 2 2 1 2 2 2 1 1 1 2 2 2 2 2 1 1 2 1 2 1 1 1 1 2 1 1 
d362 0 2 1 0 0 1 0 0 1 0 2 0 0 0 2 1 0 1 1 2 2 2 1 0 2 2 0 0 2 2 0 1 2 2 2 1 0 2 2 2 0 1 0 0 0 0 0 0 0 0 0 1 2 0 2 0 1 2 1 2 1 0 2 1 1 0 1 0 0 1 0 0 1 1 2 1 0 1 1 2 0 0 0 0 0 1 1 1 1 0 0 1 0 
d363 0 1 2 2 1 1 2 2 1 1 2 1 1 0 2 0 1 2 2 2 2 1 1 2 1 2 0 1 2 1 0 2 2 1 1 1 1 2 
d364 1 2 0 1 2 2 2 2 2 0 0 2 1 0 1 0 2 1 0 2 2 2 1 1 1 2 0 2 0 0 0 2 2 0 0 0 0 0 0 1 1 1 0 0 1 0 1 0 1 1 2 0 0 1 1 0 
d365 0 1 2 2 0 0 0 0 0 0 1 2 2 1 0 2 0 2 1 1 2 2 1 1 2 0 
d366 1 2 2 1 2 0 2 0 2 2 1 0 0 2 1 1 0 0 2 1 0 1 1 2 0 2 1 0 0 2 2 1 1 1 1 1 1 2 1 
d367 0 2 2 1 0 2 1 1 2 1 1 2 2 2 1 1 2 1 2 1 2 2 0 1 2 0 1 2 2 0 1 1 1 1 1 2 0 1 2 0 0 1 1 1 1 1 1 2 1 1 2 1 
d368 1 1 1 1 0 0 0 0 0 1 0 0 1 0 0 0 1 1 1 
d369 1 1 1 1 1 1 1 2 1 1 1 2 1 1 
d370 1 1 1 2 1 1 1 1 1 
d371 1 0 1 1 0 1 1 0 0 1 1 1 0 1 0 0 0 1 
d372 1 2 1 2 1 1 2 1 2 0 0 1 1 2 1 2 0 0 1 1 1 1 
d373 0 2 1 1 1 0 1 0 0 1 1 0 0 1 1 
d374 0 2 1 2 0 2 2 2 2 2 2 2 1 2 1 1 2 1 1 1 2 2 2 1 1 1 1 
d375 1 1 1 1 1 1 1 1 
d376 2 1 2 1 2 2 2 2 2 1 2 2 1 2 1 1 2 2 1 1 2 2 1 1 2 2 2 1 1 1 1 1 2 1 2 1 2 1 
d377 1 0 2 1 1 1 1 2 2 1 1 1 1 1 1 0 2 1 0 2 0 2 0 1 2 2 0 1 1 1 1 1 
d378 2 0 1 1 2 2 1 1 0 1 1 0 1 2 2 1 0 1 1 1 0 2 2 1 0 1 2 2 1 1 1 
d379 0 2 2 2 1 2 1 1 1 2 1 1 0 1 1 2 1 1 0 1 2 1 1 1 
d380 0 0 0 0 0 0 0 1 1 0 1 0 0 
d381 2 1 1 0 0 0 0 1 0 1 
d382 1 2 0 0 0 1 2 1 1 2 0 1 2 0 0 0 1 1 0 1 0 1 0 1 0 2 0 0 1 1 1 0 0 1 1 0 1 2 1 0 0 1 2 0 1 0 1 1 1 1 0 1 1 1 1 1 1 
d383 0 1 0 0 0 0 1 0 0 1 0 0 0 0 1 1 1 0 0 0 1 1 0 1 1 1 
d384 0 0 1 0 0 1 0 0 0 0 0 1 1 0 0 1 0 1 1 0 0 1 1 1 0 1 1 0 1 
d385 1 0 2 2 0 0 2 1 2 2 0 1 0 1 1 2 0 1 0 2 0 0 0 0 1 0 1 0 2 2 1 2 2 1 0 1 0 0 2 1 0 1 2 0 0 0 1 2 0 1 2 0 0 2 1 1 2 0 1 0 1 1 1 0 1 2 1 
d386 2 0 2 0 1 1 0 2 2 0 1 0 1 1 0 1 0 1 1 1 1 1 1 
d387 0 2 2 2 2 2 2 2 2 2 1 2 2 1 2 2 2 2 2 2 
d388 1 1 1 1 1 1 
d389 2 2 2 2 2 2 2 2 2 1 2 1 1 2 2 2 2 1 1 2 2 1 1 
d390 0 0 2 1 2 0 2 0 0 2 1 1 0 2 2 0 0 0 1 0 2 1 0 1 1 1 2 0 1 2 2 1 1 0 1 0 1 1 0 0 1 1 
d391 1 2 0 2 1 1 1 1 0 2 2 1 2 2 2 1 2 2 1 1 
d392 0 0 2 0 2 0 0 0 2 2 
d393 2 2 0 2 0 2 0 0 2 2 2 0 2 0 2 0 0 2 0 1 2 2 1 0 0 2 0 1 0 1 1 0 0 0 1 2 1 1 2 2 
d394 2 2 1 0 2 2 2 2 0 2 2 2 1 2 1 1 2 1 2 2 1 2 2 2 1 2 2 1 1 1 1 2 2 2 2 2 1 1 
d395 0 2 2 1 2 2 0 1 2 2 2 1 0 0 0 2 1 2 1 1 1 1 2 1 1 0 1 2 2 2 1 2 1 1 1 1 1 1 
d396 1 2 2 2 2 1 2 1 2 1 2 2 2 1 2 2 2 2 2 1 1 1 2 1 1 2 1 2 1 2 2 1 2 2 2 2 1 1 2 1 
d397 0 2 0 0 0 2 0 0 
d398 1 2 2 2 1 2 0 2 2 2 2 1 2 2 2 2 1 1 0 2 1 1 1 2 2 2 1 2 2 2 1 2 1 1 2 2 2 2 1 1 1 1 2 1 1 2 1 
d399 1 2 2 2 0 2 0 0 0 0 0 0 2 2 2 0 0 1 0 1 0 
d400 1 0 1 1 0 1 1 0 0 0 1 1 0 1 0 0 1 0 1 0 0 0 1 0 1 1 0 0 1 0 0 0 1 0 0 1 1 0 1 1 1 1 1 1 0 1 1 1 1 1 0 1 
d401 2 2 2 1 2 2 1 2 2 2 2 1 2 1 1 1 1 2 2 2 2 1 2 1 2 2 2 2 1 2 2 
d402 0 1 2 0 1 2 0 0 1 2 0 2 0 1 1 0 2 1 2 2 0 0 1 1 1 1 1 0 0 1 1 1 1 1 0 1 1 0 1 1 1 2 0 1 1 1 1 
d403 2 1 1 0 1 2 2 0 2 2 2 2 2 0 2 0 0 0 1 0 2 2 2 2 2 0 1 1 0 0 2 1 0 2 2 1 0 1 2 1 0 1 1 1 0 1 2 1 2 
d404 2 1 1 1 2 1 1 1 
d405 2 1 1 0 2 0 0 0 1 1 2 1 0 1 1 0 
d406 2 1 2 2 2 1 1 2 2 0 0 2 1 2 1 2 2 2 2 2 0 0 2 1 2 2 0 2 1 1 2 2 2 2 2 2 2 2 1 2 1 1 1 0 2 2 1 2 1 2 1 1 2 1 
d407 1 2 2 2 2 2 2 1 1 2 2 2 0 2 2 1 0 0 2 2 1 2 2 2 2 2 2 2 2 2 2 2 2 1 1 2 2 2 
d408 1 0 1 1 2 0 1 1 1 0 2 2 0 2 1 0 1 0 1 1 1 0 0 1 0 2 1 2 1 1 1 1 0 1 0 1 1 1 1 
d409 0 0 2 2 0 2 1 1 1 2 1 1 
d410 0 1 1 0 1 0 0 1 0 0 0 1 1 1 0 1 0 1 1 1 1 1 
d411 0 2 2 2 2 2 1 0 0 1 1 1 1 0 1 1 1 1 1 2 1 1 2 1 2 1 1 1 1 1 1 2 1 1 2 1 1 1 
d412 1 1 0 1 0 1 1 1 1 1 1 
d413 0 0 0 0 1 0 1 1 0 0 
d414 0 1 2 0 0 0 2 1 2 0 2 1 2 2 2 1 0 1 0 2 1 0 0 1 2 0 1 2 2 2 0 1 1 1 0 1 2 1 1 0 2 1 1 0 1 2 1 0 2 2 1 1 2 0 0 1 1 0 2 2 0 2 2 1 1 1 0 0 1 2 1 1 0 1 2 0 0 1 1 0 0 2 1 1 1 1 1 1 1 0 1 1 1 0 1 1 1 0 
d415 0 1 2 1 0 0 0 0 0 0 0 0 1 1 2 1 0 0 1 1 0 1 1 1 1 1 1 1 1 
d416 2 0 1 1 0 1 2 2 1 1 0 2 2 1 0 1 0 0 1 2 0 0 0 2 2 0 1 2 0 2 2 2 0 1 0 1 2 2 1 1 2 1 2 1 0 1 1 2 1 2 2 2 1 2 1 2 
d417 2 1 2 1 2 1 1 2 2 2 2 2 1 1 1 1 
d418 2 0 2 2 2 2 2 
d419 1 2 1 2 2 2 1 2 2 1 1 1 1 1 1 1 1 2 2 1 1 1 1 1 1 1 1 1 1 1 1 1 1 
d420 0 2 2 0 0 2 0 2 2 0 2 2 2 2 2 2 0 1 2 
d421 2 1 2 2 1 2 2 1 2 2 0 2 2 1 1 1 2 1 1 
d422 2 1 2 2 2 2 2 1 2 2 2 2 2 2 0 1 0 0 2 2 2 1 2 1 2 1 1 1 2 1 
d423 2 2 2 2 2 2 2 2 1 2 2 2 2 1 1 1 1 2 2 2 2 2 2 2 2 2 1 1 1 2 1 1 2 2 2 1 2 2 2 2 2 
d424 2 1 2 2 1 0 1 2 0 1 1 2 1 0 0 1 0 0 2 2 1 2 1 1 0 2 1 1 2 1 2 2 1 2 1 1 1 1 1 2 1 1 1 1 1 1 1 
d425 2 2 1 1 1 1 2 2 2 1 2 2 
d426 2 1 0 1 2 1 2 2 1 1 2 2 0 1 1 1 1 1 1 2 1 1 1 1 0 1 2 1 1 1 1 1 1 0 1 2 1 1 1 1 1 1 2 2 2 1 1 2 1 1 2 1 1 1 1 
d427 1 2 2 2 2 1 1 2 1 1 1 2 2 2 2 2 2 1 1 2 1 1 1 1 1 1 1 1 0 2 2 1 2 2 2 2 2 2 1 1 1 1 1 1 1 2 2 2 2 2 1 0 2 2 0 0 1 1 1 1 2 1 1 2 1 1 2 1 1 1 1 1 2 2 1 2 2 1 2 1 2 2 1 1 1 1 1 2 2 2 2 1 2 1 2 1 2 2 1 1 1 2 1 2 1 1 2 1 
d428 1 1 2 1 1 2 2 1 2 2 2 2 2 2 1 2 2 2 1 1 1 2 2 1 2 2 2 2 2 2 2 
d429 1 1 1 2 1 2 1 2 1 1 1 1 1 1 2 1 1 1 2 2 1 2 1 
d430 2 1 2 2 2 2 1 1 2 2 2 1 2 2 2 2 2 2 2 2 2 2 2 1 2 2 2 2 2 1 2 2 1 2 
d431 1 1 1 1 2 2 0 1 2 0 2 1 1 1 1 2 2 1 2 2 1 1 2 2 1 1 2 1 1 1 2 1 
d432 0 1 2 2 1 0 2 0 0 1 0 2 0 2 2 0 1 1 0 1 2 1 0 2 2 1 2 
d433 2 0 2 2 1 1 2 2 2 1 2 2 0 2 1 0 0 1 1 2 1 2 2 2 1 0 1 1 2 1 0 1 2 2 2 1 2 2 2 1 0 2 2 2 2 2 2 2 0 0 2 2 0 2 2 2 1 0 2 2 1 2 1 2 1 1 2 1 
d434 2 1 2 1 2 1 1 0 1 0 0 2 2 0 1 1 1 1 0 0 1 2 1 0 0 0 0 1 0 1 1 1 0 1 2 1 1 1 0 0 1 1 1 1 1 1 2 1 2 
d435 1 2 1 1 1 1 1 2 1 2 1 2 1 1 1 
d436 2 1 1 2 1 2 1 1 1 1 1 1 2 1 2 1 
d437 1 2 2 1 1 0 2 0 1 1 0 1 1 1 0 2 0 1 1 1 1 1 1 1 2 0 1 1 1 1 0 1 1 1 1 2 0 1 1 1 1 1 1 1 1 1 1 
d438 1 2 2 2 1 2 2 2 2 1 2 2 1 2 1 1 1 1 1 1 2 1 2 1 2 2 1 2 2 2 1 2 1 1 1 2 1 1 1 2 1 1 1 1 2 1 
d439 2 1 1 0 0 1 2 0 0 0 0 0 1 1 2 2 1 2 1 1 0 0 1 0 1 0 0 1 0 1 1 0 1 0 0 1 0 1 0 0 1 1 1 0 0 0 0 0 0 1 0 1 1 1 0 1 1 0 0 
d440 1 1 0 0 2 2 2 1 2 2 2 2 0 1 0 0 0 0 1 2 0 1 1 0 2 0 0 2 1 1 2 0 1 2 2 1 2 2 0 2 2 1 2 1 0 1 2 1 2 1 2 1 1 
d441 2 1 0 2 2 2 1 1 0 0 0 0 2 2 2 2 1 0 1 2 1 1 0 1 0 0 0 1 0 1 1 2 1 0 1 0 0 1 1 2 0 0 1 0 2 0 1 0 2 0 1 0 0 
d442 0 2 1 2 0 2 0 2 0 0 2 2 2 0 0 2 2 0 2 2 1 
d443 1 2 1 0 0 1 1 1 1 1 2 1 1 2 1 1 1 2 2 0 1 0 0 2 1 1 1 1 1 1 1 2 1 1 1 0 1 1 1 1 0 1 1 0 1 1 1 1 0 1 1 0 1 1 1 
d444 0 2 0 0 2 0 2 1 1 0 2 1 0 1 0 1 1 0 0 0 1 0 0 0 0 
d445 2 1 2 1 0 2 2 2 1 0 2 0 1 2 2 2 1 1 1 0 2 2 1 1 0 1 1 1 1 1 2 1 1 1 2 0 1 1 2 1 1 1 
d446 1 1 2 1 0 0 1 1 2 1 2 1 2 2 2 1 2 1 2 1 2 1 1 
d447 2 2 2 2 2 1 2 2 0 2 2 2 0 2 1 2 2 2 1 2 1 2 1 2 2 2 2 2 2 2 
d448 2 1 2 0 0 0 1 1 2 1 0 2 2 2 1 0 0 0 2 2 1 0 1 2 1 2 2 1 2 1 1 1 2 1 1 0 0 2 2 1 2 
d449 0 1 1 2 0 0 2 2 0 1 2 2 0 0 1 1 2 1 1 0 1 0 0 0 1 0 0 0 0 
d450 0 1 1 2 0 1 2 2 2 1 0 2 0 2 2 2 2 2 1 0 0 1 2 2 2 2 0 2 2 1 2 1 2 2 1 2 1 2 2 1 2 2 1 1 2 2 
d451 0 1 0 1 0 1 0 1 1 0 0 0 1 0 1 
d452 2 2 1 0 0 2 1 0 0 1 0 1 2 0 1 0 2 1 2 2 2 1 0 1 0 1 0 0 1 
d453 1 2 1 1 2 1 1 
d454 1 1 2 0 1 1 2 2 1 0 1 1 1 2 2 0 
d455 1 2 2 1 2 1 0 1 2 2 0 2 1 2 2 1 0 2 2 2 2 2 2 2 2 2 0 0 2 0 2 1 2 2 0 2 1 2 2 1 0 0 2 2 1 1 2 1 1 0 0 0 0 2 2 2 2 2 1 0 2 2 2 1 2 0 2 0 2 1 0 2 0 0 1 0 2 2 2 2 2 2 2 2 2 2 0 0 2 2 0 2 2 0 2 2 2 1 0 1 1 1 1 1 0 2 2 2 0 1 0 1 2 1 0 2 2 0 0 1 2 0 1 1 2 2 2 1 2 2 0 2 0 2 0 2 2 1 2 2 2 2 1 0 0 1 1 1 2 1 2 1 2 
d456 2 1 2 1 2 1 2 0 
d457 0 1 0 0 1 0 1 0 0 
d458 0 1 1 2 2 2 2 0 0 1 1 2 2 1 1 2 2 2 0 0 1 2 1 1 
d459 1 2 0 1 1 2 2 2 2 0 1 1 2 1 1 0 2 0 2 2 1 1 0 1 2 0 1 0 0 1 1 2 2 0 1 1 1 2 2 2 1 1 2 1 2 1 2 0 2 1 1 1 1 2 1 1 1 1 2 1 1 1 1 2 1 1 1 2 1 
d460 1 1 1 0 0 1 1 2 0 1 1 1 0 1 1 1 0 1 0 0 1 1 0 1 1 1 1 0 1 1 1 1 
d461 2 2 2 2 2 2 0 2 2 2 0 1 2 2 1 2 1 
d462 1 2 2 2 2 1 1 1 1 1 1 1 2 1 1 1 1 1 
d463 2 2 2 2 1 1 2 2 1 1 2 2 2 1 2 1 1 2 2 2 2 2 1 1 2 1 2 1 1 2 
d464 0 1 1 1 1 1 1 0 1 1 0 1 1 1 1 1 1 0 1 0 0 2 0 1 2 0 1 1 2 1 
d465 0 0 2 0 1 2 2 0 0 0 2 0 1 2 2 2 2 2 2 1 1 0 0 1 1 2 1 0 1 
d466 1 0 2 1 2 1 1 0 1 1 1 1 1 1 1 1 1 1 0 1 1 1 1 
d467 2 2 2 0 0 1 2 2 2 1 2 1 2 1 2 2 1 2 1 1 
d468 1 1 0 0 0 1 0 0 1 1 1 0 0 1 0 
d469 2 0 2 2 0 1 2 2 2 2 2 1 2 2 1 2 2 1 1 1 2 2 1 2 1 1 2 2 2 2 1 1 1 2 0 2 
d470 1 0 2 2 0 0 1 0 1 0 2 1 1 1 1 1 1 1 0 1 1 1 
d471 2 1 2 1 1 2 2 2 2 1 2 1 2 2 1 1 1 
d472 2 2 2 2 2 2 2 1 2 2 2 2 2 2 1 
d473 0 0 2 2 1 0 0 0 1 1 1 1 
d474 2 1 2 1 2 2 1 2 0 2 2 2 2 0 2 2 2 2 2 2 1 2 2 2 1 0 1 2 2 2 2 2 2 1 2 2 2 2 2 1 2 2 1 0 2 1 2 2 2 2 0 2 2 2 1 1 2 2 2 1 2 0 1 2 1 2 1 2 2 2 2 2 2 0 1 1 2 0 2 2 0 2 0 1 0 2 2 2 2 1 1 2 2 1 2 1 1 1 2 1 1 2 2 2 1 0 2 1 2 2 2 0 2 2 1 0 1 1 0 2 2 2 2 1 2 1 2 1 0 2 1 1 1 2 1 1 1 0 
d475 2 2 0 2 2 2 2 1 1 2 2 1 1 0 2 2 1 1 0 2 1 1 2 2 0 2 0 0 2 1 1 2 1 2 2 1 1 1 1 2 2 1 0 1 1 2 2 2 1 1 0 1 1 2 2 1 1 2 2 1 0 1 1 2 0 1 1 1 2 2 1 2 0 0 1 2 1 1 0 1 1 2 2 1 1 2 2 1 1 0 1 1 1 0 2 1 1 2 2 2 2 1 1 1 1 2 2 2 1 1 1 1 2 1 1 1 1 0 2 2 1 1 2 1 1 0 1 0 1 1 1 1 1 2 
d476 2 1 1 0 2 0 1 1 1 0 1 1 1 1 1 1 
d477 2 2 2 0 0 1 1 1 1 1 1 1 1 1 1 
d478 1 2 2 1 2 2 0 1 1 2 1 2 2 1 1 1 2 1 2 1 1 1 1 2 1 1 
d479 0 0 2 2 1 2 1 2 2 2 2 2 2 2 0 0 2 0 2 2 0 2 1 0 2 2 0 2 1 0 1 0 2 0 2 2 2 2 1 1 0 0 2 2 1 1 2 0 0 
d480 0 1 1 1 0 1 1 1 0 
d481 2 2 0 1 2 2 1 2 2 1 1 2 2 1 1 1 2 2 1 2 1 1 1 2 1 2 1 2 2 2 1 1 0 2 1 1 2 1 2 1 1 2 1 0 1 2 1 2 2 1 2 2 1 2 1 
d482 0 1 0 0 1 2 1 1 1 1 1 
d483 0 2 0 1 1 2 2 0 1 1 1 1 2 2 2 1 1 1 1 1 1 1 1 1 1 1 1 1 1 1 1 
d484 2 1 2 2 2 2 2 2 2 1 2 1 1 2 2 2 1 2 1 2 1 1 1 2 
d485 1 1 1 1 1 1 1 1 1 1 
d486 2 1 0 1 2 2 2 2 2 1 2 2 2 1 2 1 0 1 1 0 2 1 2 1 0 2 1 1 1 1 1 2 2 1 
d487 1 1 0 2 1 0 1 1 0 0 1 0 0 2 0 1 0 
d488 0 0 0 0 0 0 0 0 1 0 0 0 0 0 0 
d489 1 0 0 1 2 0 0 2 1 0 0 1 1 0 0 0 1 1 0 1 0 1 1 1 0 0 0 0 1 1 1 1 1 1 0 1 
d490 1 0 2 1 2 2 1 1 2 2 1 0 1 0 1 2 0 1 2 1 1 0 2 1 2 1 1 1 1 1 1 1 1 0 2 1 0 1 1 1 1 1 1 1 1 1 1 0 2 1 1 1 1 1 1 1 1 1 1 1 1 
d491 2 0 0 2 0 1 2 2 0 0 2 0 0 0 1 0 2 0 0 2 0 2 0 2 2 2 
d492 2 2 1 1 2 1 0 2 2 2 1 2 2 2 0 2 2 1 2 1 1 2 0 0 1 1 0 0 0 1 2 0 1 0 2 1 1 1 2 1 1 1 0 1 0 1 2 2 1 2 1 2 1 1 1 1 1 1 
d493 1 1 1 1 2 2 1 1 0 2 0 2 1 2 1 1 0 1 2 1 1 0 0 2 1 0 2 1 0 2 1 1 1 0 0 1 0 1 0 1 2 1 1 1 2 1 1 1 0 2 2 2 1 2 2 1 1 1 1 2 2 1 2 1 2 1 2 0 1 0 1 2 1 2 1 
d494 1 2 1 2 0 2 1 1 0 1 2 0 0 1 1 1 1 1 1 1 1 0 1 1 1 1 1 0 1 1 1 1 1 1 1 
d495 0 1 1 1 0 1 1 1 0 1 0 0 1 1 1 0 1 1 0 1 1 1 1 0 
d496 1 0 0 0 2 2 2 2 2 0 2 0 0 0 1 0 0 1 2 0 1 0 0 1 0 0 0 0 2 1 2 0 0 1 2 0 0 1 0 2 0 2 2 2 1 1 2 1 
d497 1 2 1 0 1 2 1 0 1 2 2 1 2 0 0 2 0 2 0 0 0 0 0 2 2 1 1 0 0 1 1 2 1 0 1 2 0 0 0 0 0 0 0 0 0 0 0 2 1 1 0 0 0 0 0 2 0 0 1 1 0 0 1 1 0 2 2 2 0 1 2 2 1 1 2 0 1 2 1 1 0 1 1 0 2 0 1 0 1 0 1 2 0 1 1 0 0 1 1 0 0 
d498 1 1 1 1 0 1 0 2 0 0 2 1 2 1 0 1 1 1 1 1 0 1 0 1 1 1 1 0 1 1 1 1 1 1 1 1 1 0 1 0 1 1 1 1 1 1 1 1 1 1 1 0 1 
d499 0 1 1 1 1 1 2 0 2 2 1 0 1 2 1 2 2 2 1 1 2 1 1 1 2 1 1 1 2 0 1 2 2 1 2 1 0 1 1 1 1 2 2 1 1 1 0 1 2 1 2 2 2 0 1 1 1 1 2 0 1 1 1 1 1 2 1 1 1 0 0 2 1 0 1 2 1 2 2 1 2 1 1 2 0 2 0 2 1 2 1 1 1 2 2 1 1 1 1 1 1 1 1 1 
d500 0 1 0 2 1 0 1 1 0 0 0 0 1 0 1 1 0 0 0 1 1 1 1 0 0 1 0 0 1 1 0 1 0 0 0 1 0 1 0 0 0 1 1 1 2 1 1 0 1 0 1 1 
d501 1 1 2 2 2 1 2 1 2 2 1 1 1 2 2 2 2 2 0 2 1 2 2 1 2 1 0 1 1 1 1 1 
d502 0 0 0 1 2 1 2 0 0 1 1 0 0 1 0 0 0 0 1 1 1 1 1 1 2 1 2 0 0 1 1 1 0 0 0 1 0 1 0 1 2 1 2 0 0 1 1 1 0 0 1 1 1 2 0 1 0 2 1 1 1 2 1 1 1 1 1 
d503 1 1 2 2 1 1 2 1 2 2 1 1 2 1 2 1 1 2 2 2 1 2 2 1 2 2 2 1 1 2 2 1 1 1 1 1 1 
d504 1 1 0 2 2 0 2 2 0 1 1 2 1 1 2 2 1 2 1 1 2 2 2 2 1 2 2 2 2 2 0 2 2 2 1 2 1 1 2 1 1 1 1 1 1 2 2 1 2 1 1 1 2 0 2 2 1 1 2 1 1 2 2 2 1 1 1 1 1 1 2 2 1 1 1 1 
d505 1 1 2 2 1 2 2 2 2 1 1 1 2 0 2 0 2 1 0 1 1 2 2 0 1 0 1 1 1 2 2 2 1 1 1 1 1 2 2 2 1 2 1 1 1 2 2 1 1 2 2 2 1 1 1 1 1 
d506 2 1 2 2 2 2 2 2 2 1 2 1 1 2 1 1 1 1 1 1 2 2 1 1 1 1 1 1 2 2 1 1 1 1 
d507 1 2 1 2 2 1 1 1 1 2 1 1 1 2 2 2 1 0 1 0 2 2 1 2 1 1 1 2 2 2 2 2 2 2 
d508 1 2 1 2 1 2 2 1 2 1 1 1 2 2 1 1 1 2 1 0 1 1 2 1 2 1 1 1 1 1 1 1 1 1 1 
d509 2 1 1 2 1 2 2 2 2 2 2 2 1 1 2 2 1 2 2 2 1 2 2 2 2 2 1 1 1 1 2 2 2 1 1 2 1 2 2 1 2 1 1 1 1 1 2 1 
d510 2 2 2 2 0 1 1 0 1 0 1 1 0 1 1 2 0 1 1 1 1 1 1 
d511 2 2 1 0 0 2 2 2 2 1 1 2 0 2 2 2 0 1 1 0 2 0 2 2 2 1 2 2 2 1 2 1 1 2 1 2 2 2 0 2 2 2 2 2 2 2 2 1 1 1 1 1 2 1 1 1 
d512 1 0 1 1 1 1 1 1 1 0 1 1 
d513 1 1 1 2 0 2 2 0 1 1 1 0 1 1 2 2 1 1 1 0 2 0 1 1 1 1 2 1 1 1 1 1 0 1 0 1 1 1 0 1 1 1 1 1 1 1 1 1 2 0 0 1 1 1 1 1 2 1 1 1 1 1 
d514 2 0 2 1 2 1 1 0 0 2 0 0 0 2 2 2 0 0 1 1 2 1 1 1 0 2 0 2 2 2 2 2 1 0 1 2 0 0 0 1 2 1 0 1 0 
d515 1 1 1 1 1 1 1 1 1 1 1 
d516 1 2 2 2 2 2 1 0 1 0 2 2 1 2 0 1 1 2 1 1 1 2 2 2 2 1 1 2 1 2 2 1 2 1 1 
d517 2 2 2 2 0 2 2 1 2 2 1 2 2 1 2 2 1 1 1 2 0 2 1 2 2 1 2 2 2 1 1 2 2 0 0 2 2 0 0 0 0 2 2 0 1 0 2 2 2 0 0 1 0 2 2 0 2 0 0 2 2 2 2 0 2 1 2 1 2 1 1 2 2 0 1 0 2 1 2 0 2 1 1 1 1 1 0 2 2 0 2 2 1 2 2 2 0 1 2 0 2 1 1 2 2 2 1 2 1 1 1 2 2 1 1 2 1 2 1 1 2 1 
d518 1 0 0 2 2 1 2 1 1 0 0 1 2 0 1 2 2 2 1 1 1 0 2 0 1 1 
d519 2 0 2 1 1 0 0 2 2 0 0 1 1 1 2 2 2 1 2 0 2 0 1 2 1 1 2 1 0 2 2 0 2 2 0 2 1 0 1 0 2 1 2 1 1 0 0 0 1 1 0 1 1 2 1 2 2 2 2 2 1 1 1 1 1 1 0 1 1 2 1 1 1 2 0 0 1 1 1 2 2 1 1 1 1 0 1 2 1 1 1 2 1 1 1 0 1 1 2 0 1 1 0 1 1 1 1 1 1 
d520 1 0 2 0 2 2 2 0 0 2 2 0 2 0 2 1 0 1 1 1 0 0 0 0 0 1 2 0 0 0 2 0 1 2 1 0 0 1 1 0 0 0 2 2 1 1 1 1 0 0 1 1 0 2 0 2 0 0 1 0 1 1 1 1 2 1 
d521 2 2 2 2 1 1 2 2 1 1 2 1 1 1 2 1 2 2 1 1 2 1 1 1 2 2 1 1 2 2 2 2 2 2 1 2 2 2 2 1 1 1 2 2 1 2 1 0 1 1 2 2 2 2 1 0 2 2 0 1 2 1 0 1 2 2 0 2 2 1 0 1 1 2 1 1 1 2 2 2 0 1 2 1 2 1 1 1 0 1 1 1 0 1 1 2 1 1 1 2 1 2 1 
d522 2 2 1 2 1 2 1 1 2 2 1 2 2 2 2 2 2 2 1 2 2 1 2 2 2 2 2 2 2 2 2 1 2 2 2 2 1 1 2 2 
d523 2 2 0 0 1 1 1 2 2 2 1 0 2 2 2 0 1 0 1 1 0 0 1 0 1 0 2 0 1 1 1 0 1 1 0 1 1 1 1 2 1 1 1 1 1 1 1 1 0 1 0 0 1 2 1 1 1 1 1 1 1 
d524 0 2 1 0 2 0 0 0 2 0 2 2 1 0 0 0 0 0 1 1 0 
d525 0 1 2 1 1 0 0 1 0 1 0 2 0 2 2 1 2 2 2 2 2 2 0 0 2 2 2 1 2 0 0 0 0 2 1 2 0 2 2 1 1 1 0 0 2 1 0 1 2 0 0 0 2 2 0 0 2 0 2 0 0 1 1 1 0 1 0 0 0 0 1 2 0 0 0 1 2 1 2 1 1 0 2 0 1 1 2 0 1 1 0 2 0 0 0 2 0 2 0 1 0 0 1 1 1 1 0 
d526 1 2 2 2 1 2 2 2 0 2 2 1 2 2 2 2 0 2 0 0 2 1 2 0 2 1 0 1 2 1 0 0 0 1 0 0 0 
d527 1 2 2 0 1 2 1 2 1 1 2 1 1 1 
d528 0 2 1 0 0 1 1 1 2 2 1 2 1 1 1 1 0 0 0 1 0 2 0 1 0 1 1 
d529 1 1 2 2 2 2 1 0 1 2 0 0 1 
d530 1 1 1 1 1 2 2 1 2 1 0 1 1 1 1 1 1 1 2 2 1 2 1 1 1 
d531 1 0 0 1 1 1 1 1 1 1 1 1 
d532 1 0 1 1 0 1 
d533 2 2 0 0 1 0 2 2 2 0 0 1 0 2 2 1 2 1 0 2 0 1 1 2 2 0 0 1 1 0 0 
d534 2 2 2 2 0 1 1 2 1 1 2 2 2 1 2 2 2 2 2 1 2 2 0 2 1 1 1 1 1 1 
d535 2 2 2 1 0 1 2 1 1 2 1 2 2 2 1 1 1 
d536 0 2 2 2 0 1 0 2 1 1 2 0 0 0 2 0 0 1 0 
d537 2 1 2 2 2 2 0 1 1 1 2 2 1 2 1 2 1 2 2 2 1 
d538 2 2 2 2 2 2 1 2 2 2 2 2 1 2 1 2 2 1 2 1 2 
d539 1 2 0 0 2 1 2 1 2 2 1 1 2 2 2 0 2 2 0 1 0 2 1 0 2 1 2 0 1 1 1 2 2 1 1 1 2 2 1 2 2 2 1 1 1 2 1 1 0 1 1 1 
d540 1 1 1 1 2 1 1 1 1 2 1 1 2 2 1 1 1 2 2 2 1 2 2 0 1 1 1 0 2 1 1 1 1 1 1 1 1 1 1 2 2 1 2 1 1 1 1 1 1 1 1 1 1 1 
d541 1 0 1 1 0 2 1 1 1 1 1 1 2 0 2 1 1 0 1 2 1 1 2 0 2 1 1 1 0 1 0 1 0 0 1 0 2 1 1 1 0 0 0 1 1 0 1 0 0 0 0 1 1 1 1 1 2 0 1 0 2 1 1 1 1 1 1 1 2 1 2 1 
d542 0 1 0 1 1 1 0 1 1 1 2 1 2 0 2 0 0 1 1 1 0 0 0 2 2 0 2 0 1 1 1 0 0 1 2 1 0 1 1 2 0 1 1 2 1 0 1 1 1 2 0 
d543 0 1 1 0 0 0 1 0 1 0 1 0 0 0 0 0 0 0 1 0 1 0 0 1 1 0 0 0 0 1 0 0 1 1 1 0 0 1 
d544 1 0 0 0 1 0 0 0 2 0 0 1 1 0 0 0 0 0 1 1 1 2 0 0 0 0 0 1 0 1 0 1 0 0 0 0 0 0 0 0 1 2 0 2 1 
d545 2 1 2 1 2 2 0 1 1 1 0 2 0 2 2 2 0 1 0 0 1 2 2 0 2 0 0 2 0 1 1 2 1 1 1 2 1 1 2 1 1 2 1 1 2 1 2 1 
d546 1 0 0 2 2 2 2 0 1 2 1 1 1 1 0 2 2 2 2 0 2 1 0 2 0 2 1 1 1 2 1 0 1 0 1 2 2 0 1 2 1 2 1 2 2 0 1 1 1 1 0 2 2 2 1 1 1 1 0 1 
d547 2 0 0 1 0 2 1 2 0 2 1 0 2 1 1 1 2 1 0 0 0 0 0 0 0 1 0 1 0 0 0 1 0 
d548 2 0 0 0 2 1 0 0 0 0 1 1 2 0 0 2 0 1 0 1 1 0 0 0 0 0 0 1 1 1 1 
d549 1 1 1 0 0 2 1 2 0 2 0 2 0 0 1 2 2 2 0 0 0 1 2 0 1 2 0 2 0 0 0 2 0 0 0 0 1 2 0 0 1 1 0 1 2 1 2 0 2 0 2 2 0 2 2 0 1 1 1 1 0 1 0 2 0 0 1 2 2 0 1 1 1 
d550 1 2 2 0 0 2 0 1 1 2 0 1 1 1 1 1 0 1 0 2 0 1 1 0 0 1 1 2 2 0 0 0 0 1 0 2 1 1 0 1 0 0 1 1 0 1 1 0 2 1 1 0 1 1 0 1 1 1 1 1 1 1 1 1 
d551 1 0 0 1 0 0 2 0 0 2 2 1 0 1 0 0 1 0 0 0 2 2 0 2 1 0 0 1 1 2 2 1 2 2 0 0 0 0 1 0 0 0 0 0 2 0 0 0 2 0 1 0 2 0 0 2 0 0 0 2 0 0 0 0 0 1 1 2 2 2 1 2 2 0 1 1 2 2 0 2 2 0 1 2 0 1 2 0 0 1 0 1 0 1 1 0 0 2 0 2 0 2 1 2 0 0 1 1 1 2 1 1 0 1 
d552 2 1 1 2 1 0 0 2 2 0 1 2 2 2 2 2 1 2 2 2 2 1 1 1 0 1 0 1 2 1 2 2 1 2 1 2 0 1 2 1 1 0 0 1 2 0 1 0 0 2 1 1 0 0 1 2 1 1 1 0 1 1 2 1 0 0 1 0 1 1 2 0 1 0 0 2 1 1 1 2 2 2 0 0 2 0 1 1 1 1 0 1 0 1 1 0 1 0 1 0 2 1 2 2 0 2 1 0 0 1 1 1 2 1 1 0 1 
d553 0 1 0 1 2 0 1 0 0 0 0 0 2 1 0 2 2 1 0 1 2 2 0 0 0 2 2 1 1 1 0 1 0 0 0 0 1 0 2 1 1 2 0 1 1 1 2 2 0 1 2 1 0 0 0 0 2 2 2 0 1 0 1 2 1 0 0 0 1 2 1 1 0 1 0 0 1 1 2 0 0 1 2 1 2 0 1 1 1 2 1 0 1 0 0 0 1 0 1 0 1 1 2 0 0 0 0 1 0 2 2 1 1 1 0 0 1 1 1 1 2 0 1 0 1 
d554 1 1 1 0 2 0 1 0 0 2 1 2 2 1 2 1 2 0 2 2 1 1 1 0 1 1 1 0 0 0 1 0 2 0 0 1 1 1 2 1 1 0 1 0 2 2 0 1 0 2 0 1 1 1 1 1 1 0 0 1 1 1 2 1 2 1 1 1 2 1 1 0 1 1 0 2 1 1 0 1 1 0 2 1 0 1 1 1 1 2 0 2 1 1 2 1 1 2 1 0 1 1 1 1 1 
d555 2 2 0 1 0 1 1 1 0 0 0 1 0 2 0 0 0 2 1 0 2 
d556 2 2 2 2 1 2 2 2 2 2 2 2 1 2 2 2 2 1 2 2 2 2 2 2 1 1 2 2 1 2 1 
d557 2 1 1 0 1 1 2 1 1 2 0 1 1 1 2 1 1 1 2 1 0 2 1 1 2 0 1 1 2 0 1 1 1 1 1 1 1 
d558 1 2 1 2 2 2 2 2 2 2 1 2 2 2 2 2 2 2 1 1 1 1 1 
d559 1 1 0 0 1 1 2 2 0 1 0 0 2 2 1 0 2 0 1 1 2 1 2 0 2 0 1 1 1 1 1 1 1 1 1 0 1 1 1 2 1 1 2 0 0 1 2 1 1 1 1 1 2 1 1 
d560 2 1 1 2 1 1 2 1 1 1 1 
d561 0 0 1 2 0 0 2 0 0 1 1 0 1 1 0 0 2 1 2 2 1 0 1 1 0 1 1 2 1 1 1 0 1 1 1 0 1 1 1 1 0 0 0 0 1 0 2 2 0 0 1 0 1 1 2 1 0 1 0 1 1 1 2 0 1 1 0 0 1 0 1 0 1 1 0 1 0 0 0 0 0 2 0 1 2 1 1 1 0 1 0 1 1 0 1 1 0 0 1 2 1 1 0 1 1 0 1 1 1 1 1 1 
d562 1 1 1 1 0 1 1 
d563 1 0 2 2 2 2 2 2 1 1 1 2 2 0 0 2 1 1 2 1 1 2 0 2 0 2 1 2 2 2 2 1 1 0 0 1 2 2 2 0 2 2 1 1 2 2 1 2 0 1 0 0 1 0 0 2 2 1 1 1 2 1 
d564 1 2 1 2 2 2 2 2 0 2 1 2 2 2 2 2 2 2 2 1 1 0 2 1 0 2 1 2 2 2 1 0 2 2 0 2 0 1 2 2 0 0 2 0 1 0 1 2 1 1 2 1 0 1 2 0 0 2 2 2 2 2 2 2 1 1 1 0 2 1 2 0 1 2 1 2 2 1 2 2 0 2 2 0 2 2 0 0 1 2 1 2 1 2 1 0 1 0 2 1 1 2 1 2 2 1 1 1 0 1 1 1 1 1 
d565 1 1 2 1 1 1 1 1 1 1 1 1 1 1 1 
d566 1 1 0 0 0 0 0 1 1 2 2 1 1 2 1 2 0 1 0 1 1 0 1 1 2 1 1 1 1 0 0 1 1 0 0 1 1 1 0 2 0 2 1 1 0 0 0 1 2 1 1 1 1 0 1 2 0 1 0 1 1 2 1 2 1 2 2 
d567 0 2 0 1 1 1 1 1 2 0 1 1 0 0 0 0 0 0 1 2 0 1 1 1 0 1 0 
d568 0 2 1 0 1 1 2 0 0 1 2 2 0 1 1 1 
d569 1 2 1 0 2 0 0 0 1 1 1 0 0 0 2 2 2 1 1 1 2 0 0 1 1 0 1 1 0 0 1 1 1 
d570 1 0 2 1 1 0 2 1 0 2 1 2 1 2 2 1 1 1 1 0 1 1 1 1 1 0 2 1 0 1 1 0 1 0 1 1 1 2 0 1 1 1 1 0 2 1 1 1 1 0 1 1 1 2 1 1 1 1 1 1 1 1 1 2 1 
d571 1 2 1 1 1 2 1 2 1 1 2 0 0 1 1 1 2 1 1 1 1 1 2 0 2 2 0 1 1 1 2 1 1 1 1 0 1 0 0 1 2 2 1 0 2 2 2 0 1 2 1 2 1 2 1 2 1 2 1 1 1 0 2 1 0 2 1 2 2 0 1 0 0 1 2 1 1 1 2 1 1 2 2 1 
d572 0 2 2 2 1 2 1 2 2 2 1 0 0 2 1 2 2 0 0 1 2 2 2 2 2 2 2 2 1 0 2 2 0 0 1 0 1 2 2 0 0 2 1 1 0 0 2 2 1 2 1 2 0 1 2 
d573 2 1 1 1 1 2 2 2 0 1 1 2 2 0 1 2 1 1 0 0 1 0 1 2 1 1 1 2 2 0 1 2 2 1 0 2 1 1 2 1 0 1 
d574 0 1 0 2 0 1 0 1 2 0 0 1 1 1 1 1 1 0 0 1 1 0 1 1 1 1 0 1 1 1 1 
d575 1 1 0 1 0 1 1 1 1 1 1 1 1 0 1 1 1 1 1 1 1 
d576 2 0 1 2 1 1 1 2 1 1 0 1 1 1 0 2 0 2 2 1 
d577 1 2 2 1 2 1 1 1 1 1 1 0 1 1 
d578 0 2 0 1 2 1 2 1 0 2 0 1 0 2 2 0 1 2 0 2 0 2 0 2 1 0 0 1 0 0 2 1 2 2 0 1 2 1 0 0 1 0 2 1 1 1 1 1 1 
d579 2 0 2 0 0 0 2 1 0 0 2 2 2 0 1 0 2 0 0 1 1 1 
d580 1 2 2 0 0 1 1 1 1 2 1 
d581 1 2 1 1 1 1 0 0 1 1 1 1 2 1 1 1 0 
d582 1 1 1 2 1 2 2 1 1 2 1 1 1 1 1 
d583 2 2 1 2 2 1 2 1 1 2 2 1 1 1 1 2 1 1 1 1 2 
d584 0 0 1 0 0 1 1 0 2 0 1 1 0 1 0 0 1 0 0 0 0 0 0 1 0 1 1 0 0 0 1 0 1 1 0 1 1 1 0 1 0 0 0 1 1 0 1 1 0 
d585 0 1 0 0 1 0 1 0 1 1 1 1 1 1 1 1 1 
d586 2 2 1 2 1 1 2 2 2 1 1 
d587 2 0 2 2 1 2 2 2 0 1 2 2 
d588 1 1 1 1 2 1 1 2 1 1 1 2 1 2 1 1 1 1 1 1 1 1 1 
d589 0 0 0 0 0 1 1 1 0 1 1 1 1 1 1 1 1 
d590 1 0 2 1 0 1 1 0 2 2 1 1 2 0 1 0 0 1 1 1 2 1 1 1 2 1 1 2 1 2 1 
d591 1 1 1 1 0 0 2 2 1 2 1 2 1 2 0 0 0 1 2 1 1 2 1 0 2 2 0 1 1 1 1 1 0 1 1 2 1 1 1 2 1 2 2 2 2 0 2 1 1 1 1 1 1 1 1 1 
d592 1 1 0 1 0 1 1 1 1 2 0 1 0 0 1 1 1 
d593 2 1 2 1 1 1 1 1 1 1 1 1 1 
d594 1 1 0 0 0 0 0 0 0 1 1 0 0 0 1 1 1 1 1 
d595 0 2 2 0 2 1 1 1 0 1 2 0 1 0 
d596 0 2 0 0 0 0 
d597 1 1 1 2 1 1 2 1 1 0 1 1 1 1 1 1 
d598 1 2 1 2 0 2 0 2 2 2 1 1 2 1 1 1 0 2 1 0 1 2 1 1 1 0 0 1 1 1 1 1 0 1 
d599 0 2 2 2 2 2 2 2 1 1 2 2 1 1 1 1 2 1 2 1 2 2 2 1 0 2 2 2 2 2 2 2 2 2 1 2 2 1 2 2 2 1 1 2 2 2 1 1 1 1 1 
d600 2 1 2 2 2 1 2 1 2 2 1 2 2 1 1 2 2 1 2 0 1 2 0 
d601 1 0 1 2 0 2 1 0 0 1 1 0 2 0 0 0 0 0 1 1 1 
d602 2 0 0 0 2 0 1 0 2 0 1 2 0 0 0 0 0 0 1 2 1 1 0 0 0 1 0 1 1 1 1 
d603 0 1 2 1 2 1 0 1 0 1 0 1 0 1 1 1 2 1 1 0 0 1 0 0 0 0 1 1 
d604 2 2 1 1 2 2 2 1 1 1 1 2 1 1 1 
d605 1 1 2 1 1 1 2 1 1 1 1 1 
d606 1 2 1 1 1 1 1 2 1 2 1 1 2 1 2 2 1 1 1 2 0 2 1 1 1 2 1 
d607 1 1 1 1 1 0 1 0 1 0 1 0 1 1 1 0 1 1 1 
d608 2 0 1 0 2 0 1 1 2 0 1 1 0 1 2 0 0 1 1 2 1 2 0 1 0 1 0 1 1 1 1 2 1 1 1 1 1 1 1 2 1 
d609 1 1 1 0 0 0 1 1 0 1 1 
d610 0 1 1 1 1 1 1 0 0 1 1 1 0 1 0 1 1 1 1 0 0 1 1 1 1 0 1 1 1 0 0 0 1 0 0 1 1 1 
d611 0 0 0 0 1 1 1 2 2 2 1 2 2 1 2 2 1 2 2 1 2 1 0 0 0 0 2 1 0 1 1 2 1 1 0 1 1 1 0 2 0 2 2 0 1 0 0 0 0 1 1 0 2 0 2 0 0 2 0 2 2 1 0 1 2 0 2 0 1 2 0 0 2 1 2 1 2 2 1 2 1 1 0 0 2 1 0 1 0 1 1 1 0 1 0 1 1 0 1 2 1 2 
d612 0 1 0 1 1 0 1 1 0 1 1 1 0 0 1 0 2 1 1 0 1 0 1 1 0 1 2 1 0 1 1 1 
d613 1 1 0 0 0 1 1 1 1 1 1 
d614 0 0 2 2 1 1 0 0 0 0 0 2 0 2 0 1 0 2 0 1 1 0 2 0 1 2 0 0 2 0 1 2 1 0 1 1 1 
d615 0 2 0 0 0 2 2 0 1 1 1 1 2 1 2 1 1 
d616 2 1 2 2 1 1 1 1 2 1 2 2 1 1 2 2 2 2 1 1 1 1 1 2 2 1 1 2 1 2 1 1 1 2 2 1 2 1 1 1 1 
d617 2 0 2 2 0 1 0 0 2 0 1 0 0 1 2 1 1 1 1 1 2 1 
d618 2 1 1 0 1 1 1 2 1 1 
d619 0 0 0 1 0 1 1 1 1 1 0 0 1 0 1 1 0 1 1 
d620 1 1 1 1 0 1 1 1 1 1 
d621 1 1 1 1 0 1 1 0 1 1 1 1 
d622 1 1 1 1 1 1 1 1 1 1 1 1 1 1 
d623 2 2 1 1 1 2 1 1 1 1 2 1 2 1 2 1 1 1 1 
d624 2 1 1 1 1 1 1 
d625 1 1 1 1 1 1 1 1 1 1 2 1 1 1 1 1 1 
d626 1 1 0 2 1 0 1 1 1 2 1 1 0 1 1 1 1 2 2 1 1 1 1 1 1 1 
d627 0 1 0 2 1 0 1 0 1 1 1 1 
d628 0 0 2 2 1 2 0 1 0 0 0 1 1 0 0 0 1 
d629 2 1 0 2 1 2 1 1 2 2 1 2 1 2 2 1 1 2 1 2 2 0 1 1 
d630 2 1 0 1 0 0 2 0 0 1 1 0 0 0 0 1 0 1 1 1 0 2 0 2 0 1 2 1 2 1 1 0 0 2 1 1 0 1 1 1 1 1 2 1 1 0 1 1 1 1 2 1 1 1 0 1 0 0 1 1 1 1 0 0 2 0 1 0 1 0 2 1 1 0 
d631 0 1 0 1 1 1 1 1 1 1 0 0 1 1 1 1 1 1 
d632 2 2 2 2 1 1 1 1 2 1 1 
d633 1 0 0 0 0 0 0 1 0 0 0 0 0 1 0 1 0 1 0 0 0 0 1 1 0 0 0 0 0 1 0 1 0 1 0 1 0 1 
d634 1 1 1 2 2 1 1 1 1 1 1 
d635 0 1 1 1 1 0 0 1 1 1 0 1 1 1 1 
d636 1 2 2 2 1 2 1 2 1 1 
d637 0 1 1 0 0 1 0 0 1 0 1 0 1 0 
d638 2 2 2 1 1 2 0 2 0 1 1 2 2 1 2 0 0 2 1 2 1 2 
d639 2 0 0 0 0 1 0 0 1 0 0 1 1 0 0 0 0 0 2 0 2 0 0 2 1 1 0 0 0 0 2 0 1 0 0 0 0 1 1 0 
d640 2 2 2 0 2 2 2 2 1 0 1 1 1 
d641 2 2 1 1 2 1 1 1 1 2 1 2 2 1 2 1 
d642 1 0 1 0 0 2 0 1 2 0 1 0 1 1 1 1 1 0 2 1 0 0 2 0 1 0 
d643 2 0 0 2 2 0 2 1 0 1 1 2 1 0 2 0 1 2 1 1 1 1 1 0 2 1 1 1 0 1 1 1 1 1 
d644 1 1 1 1 1 1 1 1 1 1 1 1 2 1 1 2 1 1 1 
d645 2 2 1 0 2 2 2 2 2 2 2 2 0 2 2 2 2 1 1 0 2 0 2 2 1 2 2 1 1 2 2 2 2 1 2 1 1 2 1 1 1 1 
d646 1 2 2 0 0 2 1 2 2 2 1 2 1 2 0 2 1 2 2 1 0 2 2 2 1 2 1 0 0 2 1 1 0 2 2 2 2 1 1 1 0 2 2 2 2 2 0 2 2 1 1 1 2 2 0 1 1 2 1 1 1 1 0 
d647 0 1 1 1 1 1 0 0 1 1 0 0 0 1 1 1 1 1 1 1 
d648 2 1 2 2 2 1 2 2 0 2 0 2 2 2 2 2 2 2 
d649 1 0 0 0 0 0 0 1 1 0 0 0 0 0 0 1 1 1 1 1 0 0 0 1 1 0 1 0 
d650 2 2 2 0 0 0 2 2 2 2 2 1 2 
d651 0 2 1 1 0 0 1 0 1 1 1 1 1 0 0 0 
d652 2 2 1 2 2 2 2 2 2 2 2 1 2 2 2 1 1 2 2 2 1 2 1 2 
d653 1 0 0 0 0 1 0 1 0 1 1 1 0 0 0 
d654 1 1 1 2 2 2 1 2 2 2 2 1 2 2 2 2 1 1 2 2 2 2 2 2 2 2 1 1 1 
d655 1 2 2 2 2 1 1 2 2 1 1 1 1 
d656 1 2 2 2 2 1 2 2 1 2 2 2 1 2 2 1 1 2 2 2 1 1 2 2 1 1 1 1 1 1 
d657 1 2 1 2 2 2 2 1 2 2 1 1 1 2 2 2 1 2 1 1 2 1 2 2 2 1 2 1 2 1 
d658 2 2 2 2 2 2 2 2 
d659 2 2 0 2 2 2 2 2 1 2 2 2 2 2 2 2 2 2 2 2 2 2 1 2 2 2 1 
d660 2 2 2 2 1 1 2 1 2 1 1 2 
d661 1 2 1 1 1 2 2 1 
d662 2 2 2 2 0 2 2 1 2 2 2 2 0 1 1 1 2 1 2 1 1 2 1 2 1 2 2 0 1 2 2 2 1 1 1 1 2 2 
d663 0 2 1 1 0 1 1 1 1 1 1 0 1 1 
d664 1 2 2 2 2 2 2 2 1 1 0 2 0 0 1 0 2 2 1 0 2 1 2 2 2 2 1 2 2 2 2 
d665 1 0 1 0 0 0 1 2 0 1 1 1 1 0 1 0 1 2 1 0 2 0 1 0 1 2 1 0 1 1 1 1 1 1 0 0 0 0 1 0 1 1 0 0 1 0 0 0 1 1 0 1 0 1 1 1 1 1 1 1 2 0 2 0 1 0 1 0 0 1 1 0 0 1 0 0 1 0 0 0 0 0 2 0 1 1 0 1 1 1 
d666 2 2 2 0 2 2 2 2 2 2 2 0 1 1 0 2 1 1 0 2 2 0 0 2 0 0 1 2 1 2 2 0 2 2 0 1 2 2 2 1 1 2 2 1 2 0 2 2 2 1 2 1 1 2 1 1 1 1 1 2 2 2 1 0 2 0 2 2 0 2 1 2 2 1 2 1 2 0 2 1 1 1 1 1 
d667 0 1 0 1 1 1 2 2 2 2 0 1 0 2 1 0 2 1 1 1 0 2 1 2 0 1 1 0 1 0 2 1 1 2 0 1 2 2 0 0 1 0 2 2 2 2 2 2 1 0 1 0 1 1 1 0 1 1 0 1 2 1 2 1 0 2 1 0 0 1 0 1 2 2 1 2 2 2 2 1 2 2 0 0 0 1 2 1 2 2 0 0 0 1 0 0 2 0 1 2 0 1 1 1 1 2 2 2 1 0 0 2 0 2 0 2 1 1 2 1 1 0 2 0 0 2 2 2 2 2 1 2 1 0 2 2 0 0 1 2 1 1 2 2 2 0 1 2 0 1 1 1 0 0 1 2 1 2 1 0 1 0 0 0 1 0 1 1 2 2 1 0 2 0 0 0 2 1 1 1 1 1 1 1 2 0 1 1 0 1 1 0 1 0 2 2 0 2 1 1 0 1 1 2 0 2 1 1 1 0 2 1 2 1 1 1 0 2 0 2 0 1 1 1 0 2 2 2 0 1 1 0 0 2 0 1 0 0 1 2 1 0 1 0 2 1 1 2 1 
d668 1 0 0 1 0 1 2 0 0 0 2 0 1 1 1 2 0 0 2 1 1 2 0 1 2 2 0 1 1 1 0 0 0 1 0 2 0 0 1 1 0 2 1 1 2 1 1 1 1 1 1 0 1 1 1 1 0 1 1 0 2 1 1 1 1 2 1 1 1 1 1 
d669 1 2 2 2 1 2 1 2 1 1 2 2 1 2 1 2 2 2 1 2 2 2 2 2 2 1 1 1 1 1 2 1 2 2 1 2 1 1 1 1 
d670 0 1 1 0 1 1 0 0 0 1 0 0 0 1 1 0 0 0 0 1 0 1 1 1 1 1 0 0 1 0 1 0 1 1 1 1 0 0 1 0 1 0 0 1 0 0 0 1 0 0 
d671 2 0 2 2 0 1 1 2 1 1 1 2 1 2 2 2 0 1 1 2 1 0 2 0 2 2 2 1 1 1 2 1 2 1 0 2 1 2 1 0 0 1 1 1 1 1 1 2 2 0 1 0 2 1 1 1 1 1 2 1 0 2 1 1 1 1 2 1 1 1 1 1 
d672 2 0 0 2 0 0 1 0 1 1 2 1 2 2 2 0 1 2 0 2 1 2 2 1 1 1 2 2 0 2 2 2 1 2 1 1 2 1 1 2 1 2 2 0 0 1 1 2 2 1 1 2 1 1 1 2 1 2 1 0 2 1 2 1 1 0 1 0 2 1 1 1 1 2 1 1 1 0 1 1 1 1 1 1 1 1 2 1 
d673 0 1 1 0 0 0 0 0 0 0 0 1 0 1 0 0 1 0 1 0 0 0 0 1 1 1 1 0 0 0 0 0 0 1 1 0 1 0 1 
d674 0 0 2 0 1 2 0 0 0 1 0 2 0 0 1 2 1 2 2 2 0 1 0 0 0 1 1 1 2 1 2 1 1 1 0 1 1 1 1 2 1 2 2 1 0 1 1 1 1 1 
d675 2 2 1 2 1 2 0 1 1 1 2 1 1 0 1 2 2 0 1 1 1 2 0 1 1 2 1 1 1 1 1 1 
d676 2 2 2 2 1 0 0 0 0 0 1 2 0 1 1 2 1 2 0 1 1 0 2 2 2 0 1 
d677 1 0 0 0 1 0 0 0 0 1 1 1 1 1 1 1 1 0 1 0 1 1 0 1 1 1 
d678 1 0 0 1 1 0 1 1 2 2 2 0 1 0 0 0 0 0 2 1 0 0 1 0 1 2 1 2 1 1 0 0 0 1 1 0 1 1 1 0 1 2 0 0 0 1 2 2 1 1 0 2 1 0 2 1 1 1 0 1 0 0 1 1 1 1 1 1 0 1 1 0 1 1 1 
d679 1 1 1 1 1 1 1 2 1 1 1 1 1 1 1 1 2 1 1 
d680 2 2 2 0 0 2 2 2 0 2 0 1 0 0 2 2 0 1 0 1 2 0 2 0 0 0 
d681 1 2 2 2 1 1 1 2 1 1 2 2 1 2 2 1 1 0 2 2 2 2 2 1 1 2 2 2 1 2 2 2 2 2 1 1 2 2 1 2 0 2 2 1 1 1 2 2 2 2 1 2 2 1 1 1 1 1 
d682 2 1 0 2 1 0 0 0 0 0 1 0 1 1 0 0 
d683 1 1 1 1 1 1 1 1 1 1 
d684 1 1 1 1 1 0 0 0 1 0 0 1 1 1 1 1 1 1 1 1 1 
d685 1 1 2 2 1 1 1 1 1 1 1 
d686 1 1 1 0 2 1 0 2 0 2 0 2 2 2 1 0 1 2 1 1 2 1 1 1 0 2 1 
d687 1 1 2 2 1 2 2 2 2 1 2 2 1 1 2 1 1 1 2 1 2 2 1 2 2 2 
d688 1 1 2 2 0 2 0 1 1 0 0 0 1 0 2 0 1 2 2 1 0 2 2 0 1 1 1 0 0 1 2 2 1 0 1 1 0 0 0 1 1 0 0 0 1 1 2 1 0 1 0 2 2 1 1 1 0 0 1 0 1 1 0 1 0 1 
d689 2 2 2 0 1 1 0 0 2 1 1 1 1 1 1 1 1 2 1 2 1 1 1 1 1 1 1 1 1 1 
d690 2 0 2 1 0 1 2 2 0 2 0 2 0 2 2 1 2 1 2 0 0 0 0 2 2 2 0 0 0 1 1 0 2 1 
d691 1 1 0 2 1 1 2 2 1 1 2 1 1 0 2 1 2 0 1 0 1 2 2 1 1 1 2 2 1 1 2 0 2 2 1 2 1 2 2 1 1 1 1 1 1 
d692 1 1 2 1 1 1 2 1 1 1 1 2 1 1 2 1 1 1 1 1 0 1 1 1 1 1 1 
d693 1 1 2 0 1 2 2 2 2 1 0 2 1 0 2 1 1 0 0 0 0 0 0 2 2 0 1 0 1 1 1 2 1 1 2 1 1 2 2 2 1 2 2 1 0 1 
d694 2 0 2 1 0 1 0 1 2 2 0 1 2 0 1 0 1 0 2 0 0 1 0 0 1 2 1 1 1 1 1 0 1 1 1 1 1 1 1 1 1 0 1 1 0 2 1 1 1 1 1 1 1 0 1 
d695 0 1 0 0 1 1 0 1 0 0 0 1 1 1 1 0 1 1 
d696 1 1 0 0 0 1 1 0 1 1 1 1 0 1 1 1 1 0 1 0 1 0 1 0 0 0 1 1 1 1 0 0 0 0 1 1 0 1 1 1 1 1 1 0 1 0 0 0 1 1 1 1 0 1 1 0 1 1 
d697 1 1 1 1 1 1 1 0 1 1 1 1 1 1 1 1 
d698 0 0 1 2 0 0 0 0 1 1 1 1 1 2 1 1 0 1 0 1 1 0 0 0 1 1 1 1 0 0 0 1 0 0 0 1 2 0 0 0 0 0 2 0 1 1 2 0 0 0 1 2 1 1 1 0 0 1 0 0 1 1 0 1 1 1 0 0 1 1 0 1 0 1 1 0 1 0 1 0 1 0 0 1 1 1 1 1 0 0 1 
d699 2 2 2 2 1 1 2 1 2 2 0 0 2 1 0 1 0 1 2 1 0 1 1 1 1 1 1 1 0 1 1 0 1 0 1 2 0 1 2 1 2 1 1 2 1 1 2 1 
d700 1 0 0 0 1 1 1 1 1 2 1 1 1 0 0 1 1 1 1 1 1 1 0 1 1 1 1 1 1 1 1 0 1 0 1 1 1 1 1 1 
d701 1 1 2 2 1 1 2 1 2 1 1 2 1 1 1 1 1 1 2 1 1 
d702 1 1 1 2 2 1 2 0 1 2 1 2 1 1 1 0 2 0 0 2 1 0 1 1 1 0 1 0 1 2 0 2 1 0 1 1 2 1 2 2 2 2 2 0 2 0 1 1 1 0 1 0 0 
d703 1 1 2 1 0 2 1 1 1 
d704 1 0 1 0 1 1 1 1 1 0 1 1 1 1 1 1 2 1 0 0 0 1 1 1 1 
d705 1 0 1 1 1 1 1 1 1 1 
d706 1 1 1 0 1 1 1 1 1 1 0 
d707 2 0 0 2 1 2 0 1 2 2 2 2 2 1 2 2 1 2 1 2 0 2 2 1 2 2 2 2 2 
d708 1 0 0 0 0 0 0 1 1 0 0 0 0 
d709 0 1 2 1 0 1 0 0 1 1 0 0 1 0 1 1 1 
d710 1 2 2 2 1 2 2 0 2 1 2 1 1 2 1 0 1 1 2 2 2 2 1 1 2 1 2 2 2 2 2 2 2 2 
d711 1 2 0 1 1 1 1 2 2 1 2 1 1 1 2 1 1 2 1 2 1 1 1 1 1 1 0 1 2 1 1 1 2 1 
d712 2 2 2 0 2 1 0 2 2 0 2 2 1 2 2 2 2 2 2 2 2 0 0 0 1 2 2 2 0 0 2 1 0 0 2 0 2 2 0 2 0 1 2 2 0 0 1 1 0 0 0 1 2 0 2 0 0 2 0 1 2 0 2 2 0 0 2 1 0 1 1 2 2 2 1 0 2 0 0 0 1 1 1 1 2 1 1 2 0 1 1 0 
d713 2 1 1 1 1 1 1 1 1 1 
d714 1 1 2 2 1 2 0 1 0 2 0 1 2 2 2 1 1 1 0 1 2 1 2 1 1 1 2 0 2 2 2 1 1 
d715 2 2 2 2 2 2 2 2 2 2 2 2 2 2 2 2 2 2 2 
d716 1 1 1 1 2 1 1 1 1 1 
d717 1 1 2 1 2 1 1 1 1 
d718 1 1 0 1 1 1 2 1 
d719 0 1 2 2 2 1 1 1 2 2 0 2 2 2 1 0 1 0 1 2 0 2 1 1 2 1 2 0 1 1 1 0 2 2 1 2 1 2 2 1 0 2 0 1 2 2 2 0 2 0 1 0 1 0 1 2 0 2 0 2 1 1 2 2 
d720 0 1 2 2 2 1 1 0 0 1 1 1 1 1 1 1 1 1 0 1 1 1 1 1 
d721 1 1 1 2 1 1 1 1 1 2 1 1 1 1 1 1 1 1 1 1 1 1 1 1 1 1 1 
d722 2 2 2 2 2 2 2 2 1 2 2 2 0 2 2 2 1 2 2 1 2 1 2 0 1 2 1 2 0 2 2 2 2 2 
d723 2 0 0 2 1 0 2 0 1 0 2 0 1 1 1 0 1 2 2 1 1 1 
d724 0 0 1 1 1 1 1 1 1 1 1 1 1 
d725 1 1 1 0 2 0 1 1 2 1 1 0 2 0 1 
d726 0 1 0 2 2 1 1 0 0 0 0 1 0 1 1 1 1 2 0 1 1 1 0 0 1 1 1 0 1 1 
d727 0 0 2 1 1 0 0 1 1 2 1 1 0 2 1 2 1 1 1 2 1 2 1 1 2 1 1 1 1 2 1 1 1 1 
d728 1 1 2 0 2 2 2 1 2 1 1 2 0 2 2 2 0 1 2 2 0 2 0 2 2 2 1 1 1 2 2 1 2 1 0 2 1 1 1 0 2 1 0 1 2 2 2 2 0 1 2 1 2 
d729 1 0 1 1 1 1 1 0 1 1 1 1 1 2 2 1 1 1 1 1 0 1 1 1 1 1 1 1 1 1 1 1 1 1 1 
d730 0 0 1 2 1 2 1 2 1 1 0 0 0 2 1 1 0 0 0 0 2 0 1 2 0 1 1 1 1 0 0 1 0 0 0 1 0 1 0 0 1 0 0 0 0 1 0 
d731 1 0 1 1 0 0 1 0 0 1 1 1 1 1 1 0 0 1 1 
d732 0 0 0 0 1 0 0 1 0 1 1 1 1 
d733 2 2 2 1 1 2 1 1 1 1 1 2 1 1 2 1 2 1 1 1 2 1 
d734 1 1 1 1 0 1 1 
d735 2 1 2 1 2 2 2 2 2 2 2 2 2 2 2 1 2 1 2 2 1 2 2 2 2 2 2 1 2 1 2 1 1 2 1 1 1 1 2 2 1 1 1 
d736 2 2 0 0 1 0 0 2 2 2 0 0 2 2 0 2 2 0 1 1 
d737 2 1 0 0 1 2 0 1 0 0 2 0 0 1 0 0 0 0 0 1 0 0 0 1 0 1 0 1 1 1 0 1 
d738 2 2 2 2 1 1 2 0 1 2 2 1 1 1 2 1 2 2 2 1 1 1 1 2 1 1 1 1 1 0 2 2 1 2 1 2 1 2 1 2 1 2 1 1 1 1 1 1 1 
d739 2 2 2 1 1 1 1 1 2 2 1 2 1 2 1 1 1 1 2 2 1 1 1 1 1 1 1 2 1 2 2 1 1 1 1 1 1 2 2 1 1 1 1 1 1 1 1 2 1 1 1 1 1 1 1 2 1 2 1 1 1 1 1 1 2 1 1 2 1 1 1 1 1 1 1 1 1 1 1 
d740 1 1 2 1 2 1 2 1 2 0 2 2 2 1 1 1 2 2 2 2 0 2 0 1 1 2 1 1 0 1 1 1 1 2 1 1 2 1 2 1 2 2 2 1 1 1 2 1 1 1 1 2 1 
d741 2 1 0 2 1 0 2 2 2 1 1 2 2 1 0 1 2 2 1 1 2 1 1 1 1 0 1 2 1 2 2 2 2 2 2 1 0 2 2 2 2 0 1 1 0 1 2 1 2 1 2 2 1 2 1 1 1 2 2 2 1 1 2 1 2 1 2 1 1 1 1 2 1 2 1 1 1 1 1 2 1 
d742 2 1 2 2 2 2 1 2 2 2 2 2 1 1 2 2 2 1 2 1 
d743 2 1 0 2 0 0 1 
d744 0 2 1 1 1 2 0 2 1 2 1 1 2 2 0 2 2 2 1 2 2 2 0 2 0 1 0 2 1 2 0 2 0 0 1 1 1 1 1 1 0 2 1 0 0 1 2 0 0 2 2 2 1 1 1 0 2 2 0 0 0 0 0 1 0 1 1 0 2 0 1 0 2 1 1 0 1 1 1 2 0 1 2 1 0 1 2 1 1 0 1 0 2 2 1 0 2 1 1 1 2 0 1 0 1 2 0 0 1 0 0 0 2 1 2 1 2 1 0 1 1 1 1 1 1 1 1 1 1 1 
d745 2 0 0 1 2 0 1 0 0 0 0 0 2 0 0 1 0 1 0 1 1 
d746 1 2 2 1 0 1 1 0 0 2 1 2 1 1 0 2 0 1 1 1 1 1 1 1 1 2 2 0 0 1 1 0 2 0 2 1 1 1 1 1 1 1 
d747 1 2 1 2 1 1 1 1 1 
d748 1 1 0 0 1 0 0 1 0 
d749 1 1 2 2 2 1 2 2 2 1 2 1 1 2 2 0 1 1 1 1 2 2 1 2 0 1 1 
d750 0 1 1 1 1 0 1 1 1 1 1 1 0 1 1 1 0 1 1 
d751 2 0 2 2 2 0 
d752 1 1 1 1 1 1 1 1 1 
d753 0 1 0 0 1 0 1 0 0 0 0 1 1 
d754 2 2 1 2 1 2 1 1 2 1 1 1 1 1 2 1 2 1 1 
d755 2 2 1 0 0 0 2 2 2 0 2 2 2 0 2 2 0 1 2 2 2 1 2 2 2 1 0 1 2 2 2 1 2 2 2 2 2 2 0 2 1 2 2 1 1 1 1 0 
d756 2 2 2 2 2 2 2 2 2 2 2 1 2 2 2 2 2 2 1 2 1 2 1 2 
d757 2 2 2 1 2 1 1 2 1 1 1 1 1 
d758 0 2 2 1 1 1 1 1 2 0 1 2 0 1 1 0 0 1 2 0 2 1 2 1 2 1 0 2 2 2 2 2 2 1 1 1 2 2 1 2 1 1 0 
d759 1 2 1 1 2 1 2 2 2 2 2 1 2 1 2 1 
d760 2 1 2 0 2 1 1 1 0 1 2 0 0 1 2 2 2 2 1 2 2 1 2 2 0 0 0 1 1 0 2 2 2 1 2 2 2 0 2 1 1 0 1 1 2 1 2 0 0 1 1 2 0 2 0 0 0 0 0 2 2 2 1 0 0 1 2 2 2 1 0 1 2 1 1 0 1 2 1 2 1 2 1 0 1 2 2 2 0 1 1 2 2 1 2 1 0 1 0 2 2 0 2 2 1 1 1 0 1 2 1 0 1 2 2 1 1 2 1 
d761 2 1 1 0 2 1 2 1 2 2 1 1 1 1 1 1 1 2 1 0 0 1 2 1 2 2 1 1 0 1 1 1 1 1 0 1 1 0 1 1 2 1 2 2 1 2 1 1 1 2 2 1 2 1 0 1 1 1 1 1 0 
d762 0 2 2 2 2 0 1 0 2 2 2 0 2 0 2 
d763 0 2 2 1 2 2 2 2 2 0 0 2 0 2 1 2 1 2 2 2 2 2 1 1 1 2 2 1 1 2 2 
d764 2 1 1 2 0 1 2 2 2 2 2 1 2 0 1 2 1 2 1 2 2 2 1 2 0 2 2 1 1 1 2 1 2 1 2 2 2 0 1 0 2 1 2 1 1 2 2 1 2 2 2 0 1 1 2 2 0 2 1 1 1 2 0 2 2 2 1 2 0 1 1 1 1 2 2 2 1 1 1 2 2 1 2 1 2 2 1 2 2 1 0 0 2 2 2 0 2 2 2 0 1 0 2 1 2 1 1 0 0 2 1 0 1 1 0 1 1 1 1 2 1 2 2 2 0 2 1 2 1 1 1 1 1 2 2 1 1 1 1 1 2 2 1 0 0 2 2 2 2 1 0 1 1 0 1 0 1 1 0 1 1 2 0 2 1 0 1 2 2 2 1 2 2 1 1 1 1 0 0 1 1 0 1 
d765 2 1 2 1 2 0 1 0 1 1 1 1 1 1 2 1 1 1 1 1 1 1 1 1 1 1 1 1 1 1 1 1 1 1 
d766 1 2 1 2 0 1 0 1 1 2 1 1 1 1 1 0 2 0 2 1 1 1 1 1 1 1 0 1 2 1 1 2 1 1 1 1 1 1 1 2 1 1 1 1 1 2 1 
d767 2 1 1 2 2 1 1 0 1 1 0 1 0 1 2 0 2 1 1 0 1 2 2 2 2 1 2 0 0 2 2 2 1 0 1 2 2 2 1 1 0 2 1 0 2 2 1 1 2 2 1 1 1 1 0 2 2 1 1 0 1 0 1 1 1 0 0 1 0 1 0 1 2 1 2 1 1 0 2 2 2 1 0 0 2 1 2 0 1 1 2 0 1 1 1 
d768 0 2 2 1 1 1 1 1 0 2 1 1 0 1 0 2 0 1 2 1 1 0 1 2 2 2 1 1 1 1 2 2 1 2 1 2 0 1 1 1 2 1 2 2 0 0 2 2 0 1 1 2 0 1 1 0 1 2 2 0 1 0 1 0 2 0 1 2 2 0 0 0 1 1 1 1 2 0 1 1 1 0 2 2 2 1 1 1 2 0 1 1 2 1 0 1 2 0 2 0 2 1 1 2 0 0 1 1 2 2 1 2 1 2 2 1 0 1 1 1 2 1 1 2 2 2 2 1 1 1 1 1 1 0 1 1 0 1 2 1 1 2 2 2 1 1 2 1 1 2 1 1 0 1 1 1 1 1 1 0 0 1 1 1 2 0 2 0 1 2 1 2 0 1 0 0 0 1 1 1 1 0 1 1 0 1 
d769 1 0 2 1 0 1 2 0 1 1 1 1 0 1 0 0 1 1 1 1 1 1 2 1 0 0 1 1 1 0 1 
d770 2 1 2 2 1 2 1 2 2 2 2 1 1 0 1 2 1 1 1 1 2 1 1 1 2 1 2 2 2 1 1 2 1 1 1 2 1 2 1 2 0 2 1 1 2 2 1 2 0 2 1 1 1 1 2 1 1 2 1 1 1 2 1 1 1 1 
d771 1 1 0 0 0 0 1 1 0 1 0 0 0 1 0 1 0 0 0 0 1 0 0 1 0 1 1 0 1 0 0 1 0 0 0 1 0 1 1 0 1 0 0 0 0 1 1 0 1 0 1 1 
d772 1 0 0 2 0 1 0 1 2 0 1 2 1 1 1 2 0 2 2 2 1 1 0 1 2 2 1 0 1 1 0 1 1 1 1 2 1 1 2 1 1 1 1 1 1 1 1 1 
d773 0 1 0 1 0 2 1 1 0 0 0 0 0 1 1 1 1 2 1 1 0 0 1 0 1 1 1 1 1 
d774 2 2 1 2 2 0 2 2 0 2 1 2 0 1 1 2 2 1 1 1 1 1 0 0 1 0 0 1 1 1 1 1 2 2 1 1 1 1 1 
d775 2 1 1 1 0 0 1 0 2 1 2 1 2 1 2 2 2 1 0 1 1 1 1 1 1 1 
d776 1 0 1 1 0 1 1 1 0 0 0 0 0 0 0 1 0 1 2 1 0 1 2 1 0 1 1 0 1 1 1 
d777 1 1 2 0 1 0 0 0 2 1 0 2 2 2 0 2 0 1 0 1 0 0 0 2 0 1 0 1 0 1 2 2 0 0 0 0 0 1 1 1 0 0 0 2 0 1 1 1 1 2 1 2 2 0 2 1 0 0 1 0 
d778 2 2 2 2 1 1 1 0 0 2 0 1 0 2 1 2 1 2 0 2 0 2 2 1 1 2 2 0 1 2 0 0 0 1 2 2 1 1 1 1 2 1 2 2 1 1 1 1 1 2 1 1 0 0 2 0 1 1 1 0 1 2 2 2 0 1 1 1 1 
d779 1 2 2 1 1 2 1 2 2 1 2 2 1 2 2 2 2 2 2 2 2 1 1 1 1 1 1 1 
d780 1 2 2 1 2 2 2 2 2 2 2 1 1 1 1 2 1 2 1 2 2 2 2 2 1 1 1 1 1 1 2 2 2 2 1 1 2 1 2 1 2 2 2 2 1 2 1 2 2 2 2 2 2 1 1 1 1 
d781 0 1 1 2 0 0 1 1 1 
d782 2 2 0 1 2 1 1 1 1 1 1 1 2 2 1 2 1 0 0 1 0 1 2 1 0 2 2 1 1 1 1 0 1 2 1 0 1 1 1 1 1 1 1 1 1 1 1 1 1 
d783 1 0 1 1 1 0 2 1 1 1 1 1 
d784 0 1 1 1 0 1 0 1 0 0 0 1 1 0 1 1 0 0 0 1 0 1 1 0 0 0 0 0 0 1 0 0 1 0 0 1 0 1 1 0 0 2 1 0 1 1 1 0 0 0 0 1 0 0 1 1 0 0 1 1 0 0 0 0 1 1 0 
d785 0 0 0 1 2 1 0 0 0 0 0 1 2 1 1 1 1 1 1 1 0 1 1 1 1 1 1 1 1 0 1 1 1 1 1 1 
d786 0 2 1 0 1 1 0 1 0 1 1 
d787 2 1 0 2 0 0 0 0 0 0 1 2 1 0 0 0 1 1 2 2 0 2 1 1 0 1 2 1 
d788 1 1 1 1 1 1 1 1 1 1 1 
d789 1 0 1 2 1 0 1 0 1 2 1 1 1 1 
d790 2 1 0 1 0 1 1 0 0 0 0 2 1 0 0 2 1 0 1 1 
d791 0 0 1 1 1 1 1 0 2 0 0 1 0 0 1 2 2 1 1 2 0 1 2 1 1 2 2 1 0 1 0 0 1 0 2 0 1 0 2 1 2 1 0 0 1 2 1 1 2 2 0 2 2 0 0 0 0 0 0 0 1 2 2 0 2 0 0 0 0 1 0 1 1 1 1 1 0 1 1 1 2 0 0 1 1 2 1 1 1 2 2 1 1 0 0 0 1 2 1 0 1 1 0 0 2 1 1 1 0 2 1 2 0 1 0 2 2 0 0 1 2 0 0 2 2 0 1 1 1 0 1 1 0 1 
d792 1 2 2 1 1 2 2 1 0 2 0 0 1 2 2 1 0 2 0 0 1 2 1 2 1 0 0 2 1 0 0 1 0 0 0 1 0 1 1 0 2 0 1 0 1 2 1 1 1 1 0 2 1 1 2 0 1 2 1 1 
d793 1 1 2 2 1 1 2 2 1 1 1 2 2 1 1 1 
d794 1 2 1 2 1 2 1 1 1 1 1 0 1 
d795 1 1 1 2 2 2 1 2 2 2 2 1 2 1 2 2 2 1 1 2 1 1 0 1 2 1 1 1 1 1 1 1 2 1 1 1 2 2 1 2 2 2 1 1 1 1 1 1 1 1 2 0 1 1 2 1 2 1 1 1 1 1 
d796 1 1 2 0 1 1 1 1 1 1 1 0 0 0 2 1 0 1 1 0 1 1 1 1 1 1 1 0 0 2 1 1 1 1 1 
d797 0 0 2 1 1 0 0 0 0 0 0 0 1 0 0 1 1 1 1 1 2 0 2 1 1 2 1 0 0 1 1 1 1 1 1 
d798 2 1 1 1 1 1 2 1 2 1 1 2 1 2 1 1 0 0 2 0 0 2 2 1 1 0 1 2 1 1 1 2 1 0 2 2 1 1 1 1 1 0 2 1 1 2 2 1 2 2 1 1 
d799 0 2 2 2 2 2 2 2 2 2 2 2 2 
d800 1 1 2 1 1 0 2 1 1 0 2 2 0 0 0 0 2 1 0 2 1 1 1 1 0 1 1 1 1 1 1 1 1 1 1 0 1 2 2 1 1 2 1 1 1 1 1 1 1 1 1 2 1 1 0 1 1 2 1 1 2 1 
d801 1 1 1 1 1 1 1 1 1 1 1 1 1 1 1 1 1 1 1 1 1 1 
d802 1 1 1 1 1 2 1 1 2 2 1 2 1 2 1 1 1 1 1 1 1 1 1 1 1 1 1 1 1 1 1 1 2 2 2 2 1 1 1 1 1 2 2 2 1 2 2 1 1 1 1 1 2 
d803 1 0 0 0 1 1 1 1 0 1 1 0 1 1 1 
d804 2 2 2 2 2 1 2 0 1 0 2 1 1 1 1 2 2 1 1 0 1 1 0 2 1 2 1 2 1 1 
d805 1 0 0 2 1 1 0 2 1 1 0 1 1 2 2 0 1 0 0 0 1 0 2 1 2 0 2 2 0 2 1 1 1 1 0 1 2 1 0 2 1 1 1 2 0 2 1 1 1 2 0 1 0 1 1 
d806 2 0 0 0 2 0 0 0 2 2 2 
d807 2 0 0 1 2 2 1 1 1 
d808 1 0 1 2 1 2 2 1 1 0 2 2 2 1 2 1 2 2 2 1 2 1 2 2 1 1 1 
d809 0 2 0 0 0 1 0 2 1 0 0 1 0 1 1 0 0 1 1 0 1 1 0 0 1 
d810 1 2 1 1 1 0 1 1 2 1 1 1 0 1 1 2 0 1 2 2 1 1 2 1 2 1 1 1 1 0 1 1 0 1 0 1 1 1 1 1 1 2 1 2 1 1 1 1 2 1 0 1 1 1 2 1 0 1 1 1 1 
d811 0 0 2 2 1 2 2 2 0 2 1 0 2 2 2 0 2 2 0 2 0 2 2 2 1 2 1 2 0 2 0 0 0 2 2 2 2 1 2 1 2 0 1 2 0 2 2 2 2 2 0 2 1 0 0 2 0 2 2 0 1 1 0 1 2 0 
d812 2 1 1 2 2 0 2 1 0 1 
d813 0 1 2 2 2 2 1 0 0 1 1 2 1 1 1 1 
d814 2 2 1 0 2 1 1 0 0 1 0 0 1 0 0 0 1 1 1 
d815 2 2 0 1 2 2 1 0 1 1 2 1 0 1 1 2 1 2 0 1 0 1 1 1 2 1 1 0 2 0 1 2 0 2 2 0 1 1 0 1 0 0 1 1 2 1 0 2 2 0 2 1 1 1 0 0 1 2 0 1 2 1 2 1 2 2 1 2 0 0 1 2 1 2 2 2 2 2 1 2 2 1 1 1 0 0 1 1 0 0 
d816 1 1 2 2 1 2 0 0 2 0 1 1 2 2 1 0 1 1 1 1 0 0 1 1 1 1 2 1 2 1 1 2 0 2 1 2 0 1 1 2 1 2 1 
d817 0 1 1 0 2 2 1 1 1 1 1 0 0 1 0 0 1 2 1 1 0 1 0 1 0 1 1 1 2 0 1 1 0 1 1 1 1 1 1 0 0 0 1 1 1 1 0 1 
d818 1 2 2 1 0 2 1 2 2 2 2 1 2 2 0 2 1 0 0 0 1 2 0 0 0 2 1 2 1 2 0 0 0 0 0 1 1 1 1 1 0 0 2 1 0 1 2 1 1 1 
d819 0 1 1 2 1 1 2 2 1 1 1 1 
d820 2 2 0 1 0 2 0 0 2 2 2 0 0 0 1 2 2 0 2 2 2 2 1 1 1 2 0 2 1 2 2 2 1 0 1 2 2 2 2 2 2 0 1 2 1 1 2 0 2 0 0 1 0 2 1 1 2 2 2 0 2 0 1 1 0 2 1 1 2 2 0 0 2 1 2 2 1 2 1 2 0 2 2 2 0 0 2 0 1 1 2 2 2 0 1 1 1 1 1 1 0 2 2 2 2 2 2 1 0 1 0 2 1 1 1 0 0 2 2 0 0 2 2 1 1 1 1 2 2 0 1 1 0 2 1 2 2 0 2 0 2 1 2 2 2 1 1 0 1 2 1 0 1 1 0 1 
d821 2 2 2 2 1 2 1 1 1 0 2 1 2 1 2 2 2 1 2 1 2 1 2 2 2 1 2 2 2 2 2 
d822 2 0 2 0 2 2 2 2 1 2 1 2 1 1 0 2 2 2 1 2 0 0 0 0 2 1 2 2 2 2 1 1 1 1 2 2 1 1 1 2 2 2 1 0 2 1 0 1 
d823 0 1 0 0 0 0 1 0 1 0 0 1 0 1 1 0 0 1 0 0 1 1 0 1 0 1 0 0 1 0 1 0 1 1 
d824 2 2 2 2 1 1 1 2 1 1 2 1 1 
d825 1 1 1 1 2 2 1 2 1 2 1 1 1 2 1 1 1 
d826 0 2 0 2 0 2 2 2 1 0 2 2 2 1 1 2 0 1 2 2 2 0 0 2 1 2 2 1 2 0 1 1 0 2 0 1 0 2 2 0 2 2 1 2 1 2 1 1 0 1 
d827 2 0 0 1 2 2 1 2 1 2 2 2 0 1 2 2 0 1 2 1 1 1 1 0 0 1 0 1 0 0 1 1 0 1 1 1 1 2 0 1 0 2 2 0 0 2 0 2 1 0 1 0 1 1 1 0 1 1 0 1 2 0 1 1 1 2 1 2 0 1 1 0 1 1 0 1 2 1 1 1 1 1 1 1 1 1 
d828 2 2 2 2 2 2 1 2 2 2 2 1 2 1 2 1 0 2 1 1 0 0 1 2 2 2 1 1 2 1 2 
d829 0 1 1 2 2 1 1 2 2 2 
d830 2 2 2 2 2 2 
d831 1 2 2 2 1 2 1 0 0 0 1 1 1 1 0 0 2 2 1 1 2 2 
d832 2 1 2 2 2 2 2 1 0 1 2 1 1 1 
d833 1 2 1 2 0 1 0 0 1 2 2 2 1 0 1 2 2 1 0 2 2 2 2 1 0 1 0 1 1 2 
d834 2 1 1 1 1 1 2 2 1 1 0 2 1 2 1 1 2 1 1 1 0 1 1 1 0 2 2 1 2 2 1 2 2 2 1 1 2 1 2 1 1 1 1 1 1 2 1 2 1 1 1 2 
d835 1 0 0 2 2 0 1 0 2 0 1 1 0 0 0 0 2 0 0 
d836 2 2 1 1 1 0 2 1 
d837 1 1 1 1 1 1 
d838 2 2 1 2 2 0 0 1 1 2 2 1 2 1 1 2 2 1 2 2 2 0 0 2 0 1 0 2 2 0 1 0 0 1 1 2 2 1 1 2 0 1 2 0 1 0 1 1 2 2 0 0 1 2 1 2 1 1 1 1 1 1 0 1 1 2 0 
d839 0 0 1 0 1 2 0 1 2 1 0 0 0 0 2 0 0 2 0 2 0 2 2 1 2 0 1 1 0 2 1 2 1 2 0 2 0 0 0 2 1 0 2 0 1 1 0 0 0 1 0 2 0 2 1 0 1 0 0 0 0 0 1 1 0 0 0 0 0 1 1 1 1 0 0 0 0 0 1 0 0 0 0 0 2 0 0 0 0 1 1 2 1 1 0 0 1 1 1 2 0 2 1 0 0 0 0 0 1 1 0 1 1 0 1 1 0 1 1 0 0 1 2 2 0 1 1 1 0 2 1 1 1 0 
d840 2 2 2 1 0 1 2 1 1 0 0 1 1 0 1 2 1 1 0 1 1 1 1 1 1 1 
d841 1 1 1 1 1 1 1 1 1 
d842 0 0 1 2 2 2 0 2 1 1 0 0 0 1 2 2 1 1 1 1 
d843 1 0 2 2 1 2 2 1 2 2 2 1 1 2 2 2 0 2 1 0 1 1 1 2 0 2 2 2 1 2 2 2 1 2 1 1 2 2 1 2 1 2 1 2 2 2 2 2 2 1 1 1 1 1 2 2 
d844 2 2 2 1 0 2 1 1 1 1 1 2 2 1 2 1 1 2 1 1 1 1 2 
d845 1 2 1 1 0 1 0 0 2 1 1 2 2 1 0 2 1 0 0 1 0 0 1 0 0 1 1 1 1 0 1 1 1 1 0 0 0 1 1 1 
d846 1 0 0 2 0 0 0 0 0 2 2 1 2 1 1 2 1 0 0 0 1 1 0 0 0 0 0 1 0 0 1 1 1 
d847 2 2 0 2 0 2 2 2 2 1 2 0 1 2 2 0 2 2 0 0 0 0 2 0 2 0 2 2 2 2 1 1 0 1 0 0 
d848 2 1 2 2 2 0 2 1 0 2 1 1 1 2 0 2 2 1 1 2 1 1 1 2 1 1 1 1 1 
d849 2 2 1 1 2 1 2 1 1 2 1 2 2 1 2 1 1 2 2 2 2 2 2 2 2 1 2 1 2 2 2 2 2 2 1 1 1 2 2 1 1 2 2 1 2 2 2 1 2 1 2 1 2 2 2 2 2 2 2 1 2 2 1 2 1 2 1 1 1 1 1 1 1 2 1 2 1 
d850 2 1 2 2 1 0 1 0 2 0 1 1 2 1 2 1 1 2 1 1 1 2 1 
d851 0 1 1 1 2 1 1 1 1 1 1 2 1 1 1 1 1 0 2 1 1 1 1 1 1 1 1 1 1 1 2 2 1 1 1 1 2 1 
d852 2 2 2 2 2 1 2 1 1 2 2 2 2 1 1 2 1 1 2 1 2 1 1 2 1 1 1 1 2 1 1 1 2 
d853 0 1 2 1 2 2 1 1 2 2 0 2 0 0 2 1 2 2 1 2 1 0 0 2 2 2 2 1 2 1 2 1 2 2 0 0 1 2 1 1 1 1 0 1 2 0 2 2 2 1 2 2 2 1 2 2 
d854 0 1 0 0 0 0 1 2 0 2 0 0 2 0 0 0 1 1 0 2 0 0 1 2 0 0 0 0 1 0 0 1 0 0 2 0 0 0 1 0 0 0 2 1 0 0 0 0 0 0 0 0 1 0 1 0 0 1 1 0 0 0 0 0 1 0 0 0 0 1 0 1 0 1 0 1 1 0 1 
d855 1 2 2 1 1 2 1 1 1 2 2 2 1 2 1 1 1 1 1 2 2 1 1 1 1 1 1 1 1 1 1 1 
d856 2 2 1 1 2 2 1 1 2 1 1 2 2 0 1 1 1 2 1 1 1 1 1 2 
d857 0 2 2 2 0 0 2 0 0 2 0 1 0 0 0 0 2 0 1 0 0 2 1 0 2 0 0 0 1 0 1 0 
d858 1 2 1 1 2 1 2 2 1 2 2 1 1 1 1 2 1 2 1 2 2 2 2 1 2 1 1 1 2 2 1 2 1 1 1 1 1 1 1 1 1 1 1 1 1 1 
d859 0 2 2 2 0 0 2 2 2 0 2 0 0 1 
d860 2 2 0 0 1 1 2 2 2 1 1 0 1 2 2 2 0 2 1 2 0 1 2 1 1 1 1 1 2 2 1 2 1 2 2 1 1 1 2 
d861 2 2 2 0 0 1 0 0 2 1 1 0 2 1 0 
d862 0 1 1 1 0 0 0 1 0 1 1 1 0 1 0 1 0 1 1 1 1 0 1 
d863 2 2 0 2 0 1 2 0 1 1 1 1 
d864 2 2 2 2 0 1 2 1 1 2 2 1 2 2 1 2 2 2 
d865 2 1 2 2 0 2 0 1 2 2 1 2 1 2 1 0 0 1 0 0 1 
d866 2 2 1 1 1 1 2 1 1 1 1 2 2 1 1 1 1 1 1 1 2 1 1 2 1 1 1 1 
d867 0 0 2 0 1 1 0 1 1 0 1 0 2 0 1 0 1 1 0 1 
d868 1 1 1 1 1 1 1 1 1 1 1 1 1 1 1 1 1 1 1 1 1 1 1 
d869 1 1 1 2 2 1 2 1 2 1 1 1 2 1 
d870 0 2 0 2 2 2 0 2 1 2 2 0 1 1 2 1 1 1 2 1 1 
d871 2 2 2 2 1 1 0 
d872 0 1 1 0 2 0 0 0 1 0 2 1 1 1 1 1 0 1 2 2 2 0 1 0 0 2 1 2 1 1 1 0 1 1 1 
d873 2 2 1 2 2 2 2 2 2 2 2 2 
d874 0 2 2 2 1 2 2 2 2 
d875 2 0 1 1 1 0 1 1 2 1 2 1 1 1 0 1 1 1 2 2 0 1 1 1 1 1 0 0 1 1 1 1 2 1 1 2 1 1 1 
d876 2 2 1 2 1 2 1 1 2 2 2 2 2 2 2 2 2 1 1 2 1 2 2 1 1 1 2 2 1 2 2 1 1 1 2 2 1 2 1 2 1 2 1 2 1 2 1 
d877 1 1 1 1 1 
d878 2 2 2 1 1 2 2 2 2 2 2 1 2 1 1 1 2 2 2 2 1 1 2 2 2 1 1 1 2 1 1 2 2 2 2 2 1 1 1 2 1 2 
d879 0 2 2 0 2 1 0 2 2 2 2 2 2 1 1 2 
d880 0 1 2 0 2 2 1 1 1 
d881 1 2 0 0 2 0 1 2 1 0 0 1 1 1 1 1 1 1 
d882 1 1 0 2 1 2 0 2 1 0 1 0 1 1 0 1 
d883 0 2 0 0 2 0 0 1 2 0 0 0 2 1 0 0 1 0 2 0 2 0 0 2 0 1 0 
d884 1 1 0 1 1 1 1 1 1 
d885 0 1 1 1 2 1 1 2 2 1 1 2 1 2 2 2 0 0 0 2 2 2 2 1 2 2 1 1 2 1 1 0 2 0 1 0 2 2 1 0 0 0 0 0 2 0 1 1 2 2 1 1 1 2 0 1 2 1 0 2 2 1 2 1 0 1 0 0 1 1 1 2 1 1 2 1 0 1 0 1 0 1 1 1 0 1 1 2 1 1 1 2 1 0 1 1 2 2 1 2 0 1 2 2 2 1 2 1 1 1 1 1 1 1 1 1 1 1 0 2 2 1 1 0 1 1 2 0 1 1 1 1 1 1 1 1 1 
d886 2 2 0 2 2 2 1 2 0 2 2 2 2 2 2 0 2 2 2 0 0 2 1 2 0 2 2 0 0 2 0 2 0 1 1 1 1 2 2 1 2 2 0 2 0 1 2 2 2 2 2 2 1 0 2 0 1 1 2 2 1 0 1 1 1 1 2 0 2 2 0 2 1 1 1 1 0 1 2 1 0 1 2 2 1 0 2 1 1 1 1 1 2 1 2 1 0 2 2 0 1 2 1 0 1 1 2 1 1 0 1 1 2 1 1 1 1 
d887 2 1 1 2 2 2 0 1 2 2 2 1 1 1 2 2 2 1 2 2 2 2 2 2 2 1 2 1 1 1 2 1 2 2 1 2 2 2 2 2 2 1 0 2 1 1 1 2 2 1 2 2 2 1 2 1 1 2 1 2 2 2 1 1 1 2 2 1 2 2 1 1 1 2 2 2 2 2 2 2 2 2 1 1 2 1 2 1 1 0 2 2 1 2 1 2 1 1 1 2 1 1 0 
d888 2 1 2 1 1 1 2 1 1 1 0 0 2 0 2 2 1 1 2 2 1 0 1 1 2 2 2 1 2 1 0 1 2 2 1 2 2 1 1 0 2 2 2 2 2 2 0 2 1 2 0 0 1 2 1 2 0 2 2 2 2 0 1 1 2 1 0 2 2 2 2 2 1 1 2 1 0 1 2 2 2 1 2 2 1 1 2 2 2 1 0 2 1 1 0 2 1 2 1 0 1 0 1 1 1 1 1 
d889 1 2 0 2 0 2 0 1 0 0 1 1 0 2 2 2 2 1 1 2 2 2 0 2 0 2 0 2 1 0 2 2 2 0 1 0 1 0 2 0 1 1 1 1 1 2 1 0 0 2 1 1 1 1 
d890 2 0 0 0 0 0 1 2 1 2 1 0 1 1 0 1 1 0 1 0 2 0 1 1 0 0 0 0 2 0 0 2 0 0 0 1 1 1 1 1 0 0 1 1 2 0 0 1 2 0 0 2 0 0 1 1 1 0 0 1 0 0 0 0 1 1 2 0 1 1 0 
d891 2 1 1 0 1 2 2 2 0 2 2 2 2 2 2 2 0 2 2 2 1 1 1 2 1 1 1 0 2 0 2 0 2 2 0 2 2 1 2 0 1 1 2 2 1 0 1 2 0 0 1 0 0 2 2 2 1 2 2 2 1 2 1 1 2 1 1 2 1 2 1 2 1 1 1 2 2 1 1 0 2 1 1 2 1 1 2 1 0 1 
d892 1 2 2 2 2 2 1 1 1 0 2 1 2 2 2 1 1 1 0 2 1 0 2 1 1 1 1 1 0 1 2 2 1 1 1 1 0 1 0 1 1 1 0 1 1 2 2 1 1 2 1 1 1 1 1 0 1 1 1 1 1 1 1 1 1 1 1 1 1 1 
d893 0 2 1 0 0 2 0 1 2 2 1 1 2 0 1 1 0 1 2 1 1 1 1 0 0 1 0 0 0 1 1 1 
d894 2 1 1 2 1 1 0 2 1 2 1 0 1 2 0 2 2 1 1 2 1 1 1 2 1 2 1 1 1 2 2 1 
d895 2 2 1 0 0 1 2 1 2 0 2 2 0 1 1 1 
d896 1 2 2 2 1 1 2 2 2 2 1 1 2 0 2 0 2 1 0 0 2 2 1 1 1 1 2 1 1 2 2 1 2 1 2 0 0 2 2 2 2 1 1 1 1 2 0 2 1 1 1 1 1 1 1 
d897 1 2 2 0 0 2 1 2 0 0 0 0 0 0 1 0 1 1 2 0 1 0 0 1 0 2 0 1 1 0 1 0 0 
d898 2 2 1 1 2 2 1 2 1 0 2 2 1 1 1 2 2 1 0 1 2 1 1 1 2 1 1 1 1 1 2 1 1 1 1 1 2 1 1 1 1 1 1 1 1 
d899 0 1 1 0 1 0 1 1 0 0 1 0 0 1 1 0 0 1 0 1 0 1 0 1 1 1 1 
d900 0 0 0 0 1 0 0 0 0 2 2 0 0 0 2 1 0 1 0 0 1 1 0 0 0 0 1 0 0 1 1 0 1 1 0 0 1 0 1 1 0 0 0 
d901 1 1 1 1 1 1 
d902 2 2 2 2 1 2 2 2 2 2 2 1 2 2 2 1 2 1 1 1 1 1 2 1 1 1 2 2 2 1 1 1 1 
d903 2 2 2 0 2 2 2 1 1 2 2 1 1 0 2 1 2 1 1 0 1 1 2 1 1 1 1 1 0 1 1 1 2 1 1 2 1 2 1 1 1 0 2 0 0 1 1 1 1 
d904 1 2 2 1 0 1 2 1 1 1 1 2 1 2 2 2 2 2 2 2 2 2 2 1 2 2 1 1 1 0 1 1 0 1 2 2 1 1 1 
d905 2 1 1 2 2 1 2 2 1 1 1 1 1 1 1 1 1 1 1 1 2 1 1 2 1 1 1 1 1 
d906 0 0 2 2 0 1 0 1 1 0 0 1 2 1 1 
d907 2 1 1 2 2 1 1 1 2 1 1 1 1 1 1 
d908 1 1 1 2 2 1 1 2 0 1 1 1 1 1 1 2 2 1 1 0 0 2 1 1 1 
d909 2 2 0 1 1 1 2 2 2 2 2 1 0 0 2 0 2 0 2 2 0 1 0 2 0 0 2 1 2 0 0 2 1 2 2 1 1 0 1 2 2 2 2 1 0 0 1 0 1 2 2 1 2 1 2 1 1 0 
d910 2 2 2 1 1 2 2 2 1 1 2 2 2 2 1 1 1 2 1 1 1 2 1 2 2 1 1 2 2 1 2 2 1 2 1 2 1 1 1 1 1 2 1 1 1 2 1 1 1 2 1 2 1 1 2 1 1 1 1 
d911 1 1 1 2 1 1 1 1 1 1 2 2 2 1 1 1 2 1 1 1 2 1 1 1 
d912 2 2 1 1 2 1 1 2 2 1 1 2 2 2 2 2 2 2 2 2 2 2 2 1 2 2 2 2 2 2 2 2 1 1 1 2 1 1 2 2 2 1 2 2 1 1 2 1 2 1 
d913 1 1 1 1 1 1 1 2 2 1 2 1 1 1 1 0 1 1 0 1 1 0 1 1 1 1 1 1 1 2 1 1 1 1 1 1 0 1 
d914 1 1 2 2 2 2 1 1 
d915 2 2 2 2 0 1 1 1 1 1 1 1 1 1 1 1 1 1 1 
d916 2 1 2 2 1 1 1 2 0 2 1 
d917 2 0 2 2 0 2 0 1 2 2 2 1 2 2 2 2 1 2 0 1 2 2 2 2 2 0 0 1 0 0 2 0 1 2 0 2 1 2 1 1 0 1 2 2 1 0 0 0 0 1 2 2 2 2 2 1 2 1 1 1 1 1 2 
d918 1 2 1 1 2 2 2 2 1 1 1 2 1 2 0 1 1 1 1 2 1 1 1 1 2 1 1 1 1 1 1 1 1 1 1 1 1 1 
d919 1 0 2 1 1 2 1 1 1 1 2 1 
d920 1 1 2 0 2 2 2 0 1 0 1 2 1 1 2 0 2 2 1 1 2 0 1 2 1 0 1 1 1 2 1 
d921 2 2 2 1 2 2 2 2 2 2 2 2 2 2 2 2 2 2 1 2 1 2 
d922 0 1 2 2 1 2 0 2 2 0 2 1 1 2 2 2 1 2 1 2 2 2 0 2 1 1 1 1 2 1 2 2 1 2 1 2 1 2 1 1 2 1 2 2 1 1 2 1 2 0 2 1 2 1 1 1 2 0 1 2 2 2 1 2 1 2 1 1 1 2 2 2 2 1 1 1 2 1 1 1 1 0 1 2 1 
d923 2 2 2 2 2 2 1 1 1 1 1 1 1 
d924 2 0 2 0 1 1 1 2 2 2 0 2 1 1 1 1 1 1 1 2 1 2 0 2 1 2 2 0 1 1 1 1 2 0 1 2 0 2 2 0 1 2 2 0 2 2 2 0 1 1 2 0 2 2 1 0 2 2 2 1 1 1 0 0 2 1 0 2 1 1 2 0 0 1 0 0 0 1 2 1 1 0 1 0 1 
d925 0 2 0 2 1 0 2 2 2 2 0 2 0 2 0 2 
d926 2 0 1 2 2 0 0 1 2 1 2 1 1 2 1 0 2 1 1 1 1 0 1 1 0 1 0 0 1 1 1 1 0 
d927 2 2 2 2 2 2 2 2 2 1 2 2 2 2 2 2 2 2 2 2 2 2 2 2 2 2 2 1 2 1 2 
d928 2 2 1 2 1 2 1 
d929 0 2 1 2 0 1 2 2 2 1 2 0 1 0 0 1 2 2 1 2 1 1 0 2 2 2 1 2 1 1 2 0 2 2 0 0 2 1 1 1 2 1 1 2 0 1 1 2 1 
d930 1 1 2 1 2 1 1 1 1 1 1 1 1 1 1 1 
d931 2 2 2 1 1 1 2 1 2 0 2 1 1 1 1 2 1 1 1 1 1 
d932 2 1 0 2 2 0 1 0 0 2 2 2 2 0 2 2 0 2 2 2 1 2 2 0 1 0 1 0 0 1 2 0 1 2 0 0 0 0 2 0 2 0 0 1 1 2 0 2 1 1 1 2 0 2 1 0 1 2 2 2 2 1 2 1 1 0 1 1 2 
d933 2 1 1 2 1 2 1 1 1 2 1 1 1 1 0 1 2 1 1 1 2 1 2 0 2 2 2 2 1 1 1 1 0 1 1 1 
d934 2 2 1 0 1 0 0 0 2 1 2 2 2 2 1 1 2 1 1 2 0 1 1 2 1 2 1 0 0 1 2 0 2 2 1 2 0 2 2 2 0 1 1 2 0 1 1 1 2 1 2 2 1 0 0 1 1 2 1 1 1 2 1 2 1 1 1 1 2 0 2 1 2 1 1 2 1 1 1 2 1 
d935 2 0 2 0 2 2 1 0 2 2 2 2 1 2 2 1 2 2 2 2 2 1 
d936 2 2 2 2 2 2 2 
d937 0 2 0 2 2 2 2 0 0 2 2 1 0 1 
d938 2 2 2 2 1 0 2 2 2 2 1 1 2 2 0 1 2 2 2 0 1 1 2 2 2 1 2 2 2 1 1 1 
d939 2 2 1 2 2 2 2 2 1 2 2 2 2 2 2 2 1 2 2 2 1 1 2 2 2 2 2 0 1 1 2 2 2 1 2 2 1 1 1 2 2 2 1 2 1 1 
d940 1 2 1 2 2 2 2 1 2 2 0 2 1 2 0 2 2 1 1 1 1 2 2 2 2 2 1 1 1 1 1 2 2 0 2 1 2 1 2 2 1 2 0 2 2 1 1 2 1 2 2 1 2 1 0 1 1 1 1 1 1 1 1 2 1 
d941 2 1 0 0 1 2 1 1 0 2 2 0 1 1 0 0 0 0 1 0 1 0 1 1 0 2 0 0 2 0 2 2 2 0 0 0 0 1 1 2 2 1 2 0 0 0 1 0 1 1 0 1 1 1 0 1 1 1 2 2 1 2 2 1 0 1 0 0 1 0 1 0 0 0 0 1 
d942 2 2 1 1 2 2 2 2 1 2 1 1 1 1 1 2 2 1 2 1 2 2 1 2 2 2 1 2 1 1 2 2 2 2 2 1 1 2 2 1 1 1 1 1 2 1 1 1 
d943 0 2 2 0 0 1 1 
d944 2 2 2 0 2 2 2 1 2 1 1 0 1 1 2 2 2 0 1 1 2 0 1 1 0 1 2 2 1 2 2 1 2 2 2 1 2 0 1 1 1 1 1 0 0 0 2 2 2 1 2 0 2 1 0 2 2 2 1 2 0 1 0 2 2 2 1 1 1 1 1 0 1 1 2 1 
d945 0 2 2 2 1 2 2 2 1 1 2 2 2 0 2 2 2 2 0 2 2 2 0 1 2 1 0 1 2 0 2 0 2 2 1 2 2 0 2 2 2 1 2 2 1 2 1 2 2 2 1 
d946 1 2 2 2 0 2 1 2 2 1 0 2 2 1 1 2 1 2 
d947 0 0 1 0 0 0 1 0 2 0 0 1 2 1 0 0 1 1 0 0 1 0 1 1 2 0 
d948 1 1 1 2 0 0 1 1 0 0 2 1 1 0 1 1 1 2 2 1 1 2 2 1 1 2 1 2 0 1 1 2 2 1 0 1 1 2 1 1 1 1 1 
d949 2 2 2 2 1 1 0 2 2 2 2 1 2 1 0 1 2 1 2 2 
d950 1 2 2 1 1 2 1 2 2 2 1 2 1 1 2 0 1 1 2 2 2 2 2 1 1 1 1 1 2 2 2 2 1 2 1 1 2 1 1 2 1 1 
d951 2 2 2 2 2 2 
d952 1 1 1 0 1 1 1 1 1 1 1 1 1 1 
d953 1 0 1 0 0 0 2 0 0 1 0 0 2 0 1 2 0 1 0 0 1 1 1 1 0 0 1 0 0 1 1 1 1 1 0 
d954 1 2 2 0 1 2 0 2 1 2 0 1 2 1 1 0 2 0 0 2 0 0 1 1 0 1 0 1 1 1 1 1 1 1 0 1 1 2 0 1 2 0 1 1 2 0 2 1 1 1 1 0 1 1 1 1 1 1 
d955 2 1 2 1 2 2 1 0 1 2 2 0 0 0 2 2 0 0 0 2 1 1 0 0 2 2 1 0 2 2 2 0 0 2 0 1 2 1 0 1 2 0 2 0 0 2 0 0 2 0 2 2 2 0 2 0 0 1 1 2 0 2 1 0 1 1 0 1 2 0 2 0 0 0 2 1 0 2 0 0 0 0 0 1 2 2 2 0 0 2 0 2 1 0 1 2 0 2 0 2 0 2 1 2 0 1 0 2 0 0 0 1 2 0 2 2 2 0 0 1 0 0 0 0 0 0 2 1 1 0 2 0 2 0 0 0 0 0 0 0 1 0 1 1 2 0 2 0 2 0 0 1 1 2 2 0 1 0 1 1 0 0 2 2 2 1 0 0 0 0 0 0 1 1 2 0 2 0 0 1 1 2 0 0 1 2 2 0 2 0 1 0 0 2 1 0 0 2 1 1 1 0 1 0 1 
d956 0 0 2 1 0 2 2 0 0 1 2 0 2 1 2 1 1 2 2 2 2 1 2 1 1 
d957 2 1 2 1 2 2 2 2 2 2 1 1 1 1 1 1 1 1 1 1 2 2 1 1 2 1 1 1 1 1 1 1 
d958 0 2 0 0 1 2 0 0 2 0 0 1 0 0 0 0 0 0 2 0 
d959 1 1 0 1 2 1 0 1 2 1 1 0 1 2 0 2 1 2 1 2 0 0 1 1 0 1 2 2 2 0 0 0 1 2 2 0 0 0 0 0 1 2 1 0 0 0 1 0 0 2 0 1 0 1 1 2 0 1 1 1 1 1 1 1 2 1 1 1 2 2 2 0 1 0 0 1 2 2 1 0 0 0 1 2 1 1 2 1 
d960 1 1 1 2 2 2 1 1 2 2 1 1 1 2 2 1 1 1 1 0 2 0 0 1 0 1 1 1 1 2 0 2 1 1 1 1 1 2 1 1 2 1 0 1 2 2 2 2 1 2 1 1 1 1 1 1 1 1 
d961 2 2 1 0 2 2 1 0 2 2 1 1 2 1 2 2 2 1 2 1 2 0 2 2 2 0 1 1 2 0 2 2 2 1 2 2 1 1 2 2 1 1 2 0 1 1 0 0 2 1 1 1 0 1 1 2 1 
d962 2 1 2 1 2 0 2 1 2 2 2 1 1 2 0 2 2 1 2 0 2 
d963 1 0 0 1 0 2 1 0 1 0 1 1 1 2 1 0 0 0 0 1 0 1 1 0 1 1 1 0 1 1 0 1 0 1 1 1 1 0 1 1 0 1 0 1 
d964 0 1 0 2 2 2 2 0 0 2 0 1 1 1 0 1 2 2 1 1 1 0 1 0 0 1 0 1 0 1 
d965 2 2 2 1 1 0 2 1 1 2 0 2 1 1 
d966 1 2 2 1 1 1 1 1 1 2 1 2 1 1 1 2 1 1 1 2 1 1 1 2 1 1 1 2 2 2 1 1 1 1 1 2 1 1 2 
d967 2 0 2 1 1 2 0 1 0 1 0 1 0 1 1 0 1 0 0 0 0 1 1 1 1 1 0 1 1 0 1 1 0 0 0 0 1 1 0 1 0 1 1 1 
d968 2 1 1 0 0 0 0 0 0 1 
d969 2 2 1 1 1 1 1 1 
d970 0 1 2 2 2 2 2 2 2 2 2 2 
d971 0 0 2 1 2 2 1 2 2 1 0 2 1 2 2 0 0 1 0 1 0 0 0 2 0 2 0 2 0 2 1 1 1 0 2 1 0 1 1 1 1 1 1 0 0 1 0 1 1 
d972 2 1 2 2 2 0 0 0 1 2 0 2 0 1 0 2 2 1 1 0 0 0 0 2 1 0 0 1 0 0 1 2 0 0 1 0 1 0 0 1 1 1 1 0 1 0 1 
d973 2 2 2 2 2 1 1 2 2 1 1 0 1 2 2 1 1 1 1 0 2 2 0 2 1 2 1 2 1 1 0 0 2 0 1 2 0 0 2 0 2 2 0 1 1 1 2 1 
d974 2 1 2 1 2 1 1 1 1 2 2 2 1 1 1 1 1 1 
d975 0 1 2 1 0 1 2 1 1 1 2 1 1 1 2 1 1 1 1 1 1 1 1 1 2 2 1 1 0 2 1 1 1 0 0 1 1 1 1 1 1 
d976 2 2 2 2 1 2 2 2 2 1 2 2 1 2 1 2 2 2 1 1 1 1 2 2 2 2 2 2 2 1 1 1 2 2 2 1 1 1 2 2 1 1 1 
d977 2 2 2 2 2 1 2 
d978 1 2 1 1 1 1 2 0 1 1 1 1 1 1 
d979 0 0 1 0 1 2 0 0 0 0 0 2 0 1 0 2 0 0 0 0 2 0 0 1 1 0 0 1 1 0 
d980 1 2 0 1 2 0 2 2 2 1 1 1 1 1 2 1 1 2 2 1 2 2 2 2 1 2 1 1 1 
d981 2 2 2 0 1 2 2 2 1 2 1 0 1 2 2 2 1 1 0 1 2 2 
d982 2 2 2 2 2 2 1 2 2 2 2 2 2 1 2 2 2 2 2 2 2 2 
d983 1 1 1 2 2 1 1 1 1 1 1 1 1 2 1 1 1 1 1 1 1 1 1 1 1 1 1 1 
d984 1 1 1 1 0 0 0 1 1 0 1 1 1 0 0 1 0 2 1 1 2 0 1 0 0 1 0 1 0 0 
d985 2 2 1 0 2 2 2 1 2 2 0 2 0 1 2 0 2 2 2 1 1 2 2 1 2 2 1 2 2 2 0 2 1 2 0 0 2 2 1 2 0 2 0 2 1 2 2 2 2 1 2 2 1 1 1 0 1 0 1 2 2 1 2 2 0 1 2 1 0 2 0 2 2 1 2 2 0 2 1 2 1 1 2 1 1 0 1 1 
d986 1 1 0 1 1 0 1 1 1 1 
d987 2 0 2 1 1 2 2 1 2 0 0 1 2 1 0 1 1 2 0 2 1 1 1 0 0 2 0 1 0 0 
d988 2 2 1 2 2 1 2 2 1 2 1 2 1 2 2 1 2 
d989 1 1 1 0 1 0 0 1 0 0 1 1 1 0 1 1 0 1 1 0 
d990 2 2 2 2 2 2 1 2 2 1 2 1 1 1 2 1 
d991 1 1 1 1 1 2 
d992 1 1 1 1 1 1 1 1 
d993 2 0 2 1 2 2 1 2 1 1 1 0 2 2 2 1 1 1 2 1 1 2 1 1 1 2 1 2 2 2 1 1 1 
d994 2 2 2 2 2 2 2 2 2 2 2 2 2 2 
d995 0 0 0 1 2 2 1 0 2 0 0 1 2 2 2 0 0 1 0 0 1 0 0 2 0 1 0 0 0 1 1 1 0 0 0 2 0 1 1 1 0 1 1 0 
d996 1 2 1 1 2 1 1 2 2 1 1 1 2 
d997 2 2 2 0 0 0 1 1 2 1 2 0 2 2 1 1 2 2 1 0 1 2 0 1 2 0 1 1 0 2 2 2 2 1 1 0 2 2 0 2 2 0 1 2 2 1 2 1 2 1 0 1 0 0 2 1 1 0 0 1 1 2 0 2 2 2 2 1 2 1 1 0 1 0 1 2 1 0 2 2 1 1 2 1 0 1 2 1 
d998 2 0 2 1 1 1 0 2 2 1 1 2 2 1 1 1 1 0 
d999 1 1 1 1 1 1 1 1 1 1 1 1 1 1 1 1 1 
d1000 2 0 2 2 2 2 0 2 2 0 2 2 2 1 2 2 2 2 2 2 
