6
-1 45 
-1 17 45 61 
-1 19 
-1 19 32 41 45 
-2 40 64 
-2 40 
6
-1 16 38 39 58 62 64 
-1 33 57 61 
-1 17 61 
-1 51 64 
-2 12 32 64 
-2 26 54 
6
-1 30 64 
-1 13 
-1 13 
-2 53 64 
-2 36 43 
-2 22 49 
7
-1 56 57 63 64 
-1 13 30 61 62 
-1 23 52 62 
-1 22 25 64 
-2 25 61 
-2 25 
-2 25 46 55 
5
-1 62 63 
-2 51 
-2 13 57 
-2 6 
-2 57 61 
5
-1 9 
-1 60 64 
-1 62 63 
-2 9 41 55 56 62 
-2 51 
10
-1 9 20 64 
-1 1 63 
-1 42 
-1 24 64 
-2 18 60 
-2 1 9 41 56 63 64 
-2 1 59 60 63 
-2 50 
-2 58 
-2 10 
9
-1 62 
-1 1 44 50 
-1 9 35 
-1 7 37 40 61 
-1 35 
-1 57 
-1 59 
-2 64 
-2 35 
5
-1 62 63 
-1 7 37 52 57 58 62 
-2 6 25 51 54 55 
-2 19 41 
-2 61 
6
-1 45 64 
-1 44 50 60 64 
-1 43 
-1 64 
-1 44 
-1 5 29 44 50 64 
14
-1 34 57 
-1 61 
-1 1 62 
-1 1 
-2 26 49 54 58 
-2 44 
-2 54 58 
-2 50 
-2 47 
-2 54 58 
-2 62 63 
-2 37 40 58 
-2 17 37 40 
-2 37 40 58 
7
-2 58 
-2 17 34 58 
-2 58 
-2 44 
-2 50 58 64 
-2 60 
-2 58 60 
5
-1 52 
-1 43 
-1 52 58 62 
-1 35 
-2 35 
7
-1 9 28 59 60 62 
-1 8 56 63 
-1 53 61 
-1 8 24 31 57 62 
-1 8 
-2 53 
-2 12 
5
-1 15 30 
-1 30 46 48 64 
-2 55 
-2 61 
-2 25 61 
5
-1 46 64 
-1 22 30 
-1 16 58 62 
-1 39 63 
-2 61 
5
-1 52 57 59 63 
-2 36 58 64 
-2 36 64 
-2 1 
-2 50 
6
-1 3 31 
-1 56 62 63 
-1 23 
-2 12 14 31 61 
-2 6 
-2 42 
5
-1 1 53 56 63 
-1 37 
-1 47 54 
-1 34 43 
-2 62 
10
-1 1 15 
-1 46 
-1 39 56 63 
-1 1 8 32 45 55 56 59 61 63 
-1 7 21 24 31 62 
-1 32 
-1 54 
-1 22 53 
-2 12 
-2 23 35 41 53 
19
-1 62 
-1 53 
-1 56 62 
-1 15 
-1 64 
-1 39 62 63 
-1 6 39 
-1 18 24 57 
-1 18 57 63 
-1 64 
-1 37 46 
-1 57 
-1 37 57 
-2 63 64 
-2 11 64 
-2 53 
-2 10 25 34 
-2 2 54 
-2 2 54 
9
-1 5 55 
-1 6 19 51 
-1 15 31 
-2 59 60 
-2 5 20 
-2 51 
-2 55 58 61 
-2 5 11 17 22 23 38 49 58 
-2 5 40 
5
-1 4 53 57 
-1 36 44 64 
-1 58 
-1 44 62 
-2 10 44 
5
-1 15 57 60 63 
-1 33 45 60 
-1 53 
-2 55 
-2 33 45 51 
6
-1 46 
-1 64 
-2 14 51 53 64 
-2 53 
-2 53 
-2 38 
8
-1 25 56 62 
-1 2 
-2 49 
-2 22 49 54 
-2 22 61 
-2 3 51 
-2 64 
-2 44 64 
7
-1 18 55 62 63 
-1 16 18 38 64 
-1 15 55 56 
-1 30 62 
-1 46 
-2 64 
-2 61 
6
-1 39 
-1 60 62 
-1 61 
-1 58 
-2 53 
-2 48 64 
14
-1 33 62 63 
-1 16 24 
-1 0 24 33 56 63 64 
-1 6 13 32 35 45 
-1 10 13 32 61 
-1 25 
-1 13 15 31 
-1 12 46 
-2 10 40 61 
-2 20 44 46 58 60 64 
-2 32 33 37 
-2 37 54 
-2 40 54 64 
-2 24 35 37 
17
-1 32 62 
-1 32 
-1 40 45 
-1 64 
-1 42 45 47 
-1 10 
-1 13 18 23 26 50 51 
-1 41 
-1 33 
-1 32 
-1 39 
-1 53 
-1 33 59 
-1 13 16 21 40 
-1 14 21 32 53 
-1 24 
-1 9 
32
-1 64 
-1 29 
-1 63 
-1 9 31 
-1 0 56 64 
-1 9 31 
-1 42 57 
-1 29 57 59 64 
-1 15 
-1 2 64 
-1 2 42 61 
-1 51 
-1 10 34 52 57 
-1 64 
-1 17 48 
-1 51 54 57 
-1 48 
-1 41 57 
-1 13 
-1 11 61 
-1 32 
-1 34 64 
-1 23 54 
-1 46 57 
-2 64 
-2 6 55 59 
-2 57 61 62 
-2 55 57 
-2 54 
-2 57 64 
-2 23 26 54 
-2 0 
7
-1 59 63 
-1 14 48 
-1 50 57 
-2 64 
-2 2 
-2 35 57 
-2 64 
23
-1 1 43 46 64 
-1 60 61 
-1 10 
-1 9 10 48 64 
-1 10 42 
-1 62 64 
-1 29 45 51 64 
-1 1 9 
-1 10 
-1 13 18 23 26 50 51 
-1 10 41 
-1 23 
-1 41 53 
-1 40 45 
-1 40 45 
-1 31 45 
-1 33 
-1 1 7 21 24 37 45 
-1 5 
-1 39 64 
-1 0 1 53 
-1 48 64 
-1 9 
6
-1 63 
-1 58 
-1 55 
-1 15 25 
-1 8 
-2 12 22 35 64 
9
-1 32 62 
-1 32 
-1 40 45 
-1 64 
-1 42 62 
-1 10 
-1 13 18 23 26 50 51 
-1 41 
-1 9 
7
-1 23 30 39 
-2 16 38 64 
-2 31 57 
-2 27 30 
-2 31 49 
-2 26 30 51 
-2 8 47 
7
-1 5 38 
-1 33 
-1 30 59 63 
-1 33 
-2 6 26 54 
-2 6 
-2 3 37 
6
-1 32 39 64 
-1 35 
-1 39 64 
-1 64 
-2 35 39 
-2 8 32 64 
5
-1 33 59 60 
-2 9 27 39 64 
-2 22 27 64 
-2 27 39 
-2 58 
10
-1 23 62 63 
-1 39 62 
-1 21 27 51 
-1 64 
-1 54 57 59 
-1 27 31 59 
-1 22 
-2 16 40 61 
-2 42 61 
-2 25 
5
-1 8 14 48 59 64 
-2 57 64 
-2 48 
-2 51 
-2 7 24 55 61 63 
6
-1 11 58 
-1 14 30 48 
-1 19 52 
-2 26 
-2 30 
-2 52 54 
7
-1 15 
-1 56 63 
-1 21 24 
-1 50 
-1 4 
-1 19 
-1 59 
17
-1 32 62 
-1 32 
-1 41 53 
-1 40 
-1 10 
-1 13 18 23 26 50 51 
-1 41 
-1 33 
-1 8 32 55 
-1 33 57 
-1 30 
-1 48 64 
-1 33 
-1 37 45 
-1 7 33 37 
-1 21 24 32 53 
-1 9 
5
-1 15 56 63 
-1 24 63 
-1 31 33 
-1 19 25 33 45 52 55 
-2 22 25 46 64 
22
-1 37 39 46 57 60 63 
-1 52 57 
-1 12 
-1 58 
-1 7 57 64 
-1 37 62 64 
-1 18 37 
-1 61 
-1 52 
-1 58 
-1 6 7 37 51 58 
-1 48 
-1 13 31 46 
-1 13 16 58 59 64 
-1 36 
-1 21 24 
-1 7 21 26 37 54 
-2 51 54 
-2 18 
-2 63 
-2 21 
-2 12 
14
-1 39 46 63 
-1 17 
-2 16 30 
-2 9 
-2 30 
-2 61 
-2 5 30 51 
-2 10 51 
-2 55 
-2 9 18 31 61 
-2 57 58 
-2 19 31 39 49 51 61 
-2 35 38 59 
-2 16 30 35 40 64 
12
-1 27 62 64 
-1 59 
-2 16 
-2 3 14 27 30 48 64 
-2 30 
-2 16 21 27 59 
-2 27 64 
-2 48 
-2 13 21 24 31 48 61 
-2 31 
-2 31 
-2 24 31 58 
6
-1 34 44 60 62 63 64 
-2 36 64 
-2 26 
-2 22 54 61 
-2 22 
-2 36 64 
18
-1 44 
-1 43 
-1 64 
-1 27 
-1 61 
-1 0 8 57 
-1 61 
-1 5 18 38 
-1 13 38 
-1 0 
-1 16 38 57 
-1 49 
-1 57 
-1 58 
-1 27 58 
-1 57 
-2 61 62 64 
-2 12 
7
-1 46 
-2 47 64 
-2 51 64 
-2 1 29 35 49 
-2 1 
-2 1 61 64 
-2 1 50 
11
-1 0 33 56 60 62 63 
-1 22 58 
-1 42 
-1 0 41 56 60 63 
-1 37 58 62 
-1 3 23 52 
-2 59 
-2 61 
-2 22 49 61 
-2 14 48 64 
-2 25 56 61 62 
5
-1 18 27 56 60 61 63 
-1 25 46 59 
-2 26 54 
-2 42 45 
-2 28 45 48 58 62 64 
8
-1 27 
-1 7 53 59 
-2 42 
-2 21 53 
-2 41 51 
-2 26 35 
-2 16 
-2 5 31 64 
5
-1 2 40 48 60 64 
-2 34 54 58 
-2 61 63 
-2 21 
-2 27 
10
-1 14 55 62 63 
-1 43 64 
-1 43 
-1 36 64 
-2 12 
-2 63 
-2 18 49 63 
-2 31 63 
-2 26 53 
-2 16 
11
-1 64 
-2 47 
-2 27 60 
-2 62 
-2 49 
-2 22 23 49 51 53 54 64 
-2 48 53 64 
-2 48 64 
-2 29 64 
-2 0 25 64 
-2 29 64 
7
-1 34 46 
-2 43 
-2 34 53 
-2 44 59 
-2 51 
-2 58 
-2 43 
6
-1 42 59 
-1 54 
-2 20 54 
-2 20 42 
-2 6 22 35 
-2 54 61 
11
-1 4 
-1 44 
-1 20 64 
-1 56 
-1 63 
-1 9 23 42 
-1 52 57 
-1 4 47 
-1 16 31 38 51 58 
-2 55 56 
-2 5 42 55 59 
20
-1 60 
-1 53 60 
-1 53 
-1 56 59 63 
-1 13 24 39 46 59 63 
-1 6 39 59 
-1 55 59 
-1 18 55 
-1 13 25 55 57 
-2 12 
-2 56 
-2 2 61 
-2 61 
-2 18 
-2 14 48 58 61 
-2 5 61 
-2 2 
-2 2 56 61 
-2 2 10 
-2 61 
5
-1 55 58 59 
-2 20 55 63 64 
-2 3 20 64 
-2 64 
-2 59 
6
-1 53 
-1 43 
-1 26 56 
-2 53 
-2 43 
-2 26 56 
6
-1 59 60 
-1 56 59 63 
-2 40 48 58 61 
-2 17 40 
-2 3 40 59 
-2 42 
18
-1 60 64 
-1 51 56 
-1 29 64 
-1 42 
-1 62 63 
-1 39 
-1 21 
-1 24 56 
-1 25 55 56 59 
-1 64 
-1 64 
-1 37 
-1 37 
-1 37 51 61 
-1 55 63 
-1 10 19 33 40 49 
-1 21 24 59 
-1 8 
5
-1 18 
-1 40 63 
-1 18 33 45 
-1 33 51 
-2 12 
13
-1 40 46 48 56 63 
-2 10 
-2 54 
-2 49 51 57 63 64 
-2 7 37 57 63 
-2 37 57 61 63 
-2 7 
-2 54 
-2 54 
-2 51 53 61 
-2 12 
-2 3 37 45 
-2 37 61 
5
-1 24 31 47 
-1 13 25 55 
-1 13 55 61 
-1 24 31 62 
-2 12 61 
8
-1 28 
-1 62 
-1 52 62 63 
-1 24 
-1 50 
-2 58 
-2 49 
-2 54 61 
7
-1 27 56 63 
-1 59 
-2 10 51 53 
-2 22 51 64 
-2 22 64 
-2 64 
-2 51 63 
5
-1 25 35 58 64 
-1 1 25 62 
-1 17 27 51 62 63 
-1 63 
-2 35 55 58 
7
-1 36 44 60 
-1 51 58 59 
-1 41 
-1 12 27 
-2 49 55 58 59 64 
-2 49 
-2 61 64 
9
-1 39 56 57 63 
-1 43 60 
-1 57 62 
-1 8 21 24 53 57 62 
-1 15 24 56 63 
-2 5 18 27 51 
-2 27 
-2 27 
-2 31 57 
6
-1 23 46 58 63 
-2 49 
-2 6 49 57 
-2 30 
-2 31 50 
-2 10 21 40 
5
-1 55 62 63 
-2 17 
-2 35 
-2 19 51 54 
-2 61 
5
-1 63 
-2 1 3 
-2 20 29 
-2 1 35 
-2 1 29 35 47 62 
6
-1 29 62 
-1 46 62 63 
-1 1 64 
-2 1 29 47 
-2 46 64 
-2 22 42 
10
-1 60 
-1 7 33 45 
-1 41 45 
-1 64 
-2 61 
-2 49 
-2 35 57 
-2 35 61 
-2 1 35 
-2 61 
5
-1 26 40 54 63 
-1 18 60 
-1 34 43 
-1 34 
-2 12 50 61 
7
-1 46 63 
-1 39 62 
-1 15 16 38 57 63 
-1 38 49 57 64 
-1 8 
-1 28 36 64 
-2 2 32 33 
6
-1 33 
-1 46 56 
-1 52 
-2 1 50 61 
-2 61 
-2 43 
5
-1 62 
-1 63 
-1 22 28 29 64 
-1 41 
-2 0 50 57 
6
-1 0 45 56 59 62 
-1 15 
-1 15 24 
-1 63 
-1 59 60 
-2 6 25 54 59 
6
-1 56 
-1 50 56 59 60 62 
-1 10 54 
-2 1 25 46 
-2 1 32 37 
-2 37 
6
-1 60 63 
-1 64 
-2 43 
-2 55 
-2 63 
-2 57 
20
-1 63 
-1 63 
-1 62 
-1 62 
-1 53 
-1 17 
-1 17 48 54 
-1 23 
-1 52 
-1 33 46 
-1 62 
-1 25 55 56 
-2 39 54 
-2 51 
-2 54 
-2 28 
-2 28 34 39 
-2 58 
-2 46 
-2 34 44 
5
-1 39 56 63 
-1 21 24 
-1 41 55 56 
-1 33 62 
-1 15 21 24 47 51 56 
11
-1 34 46 59 
-1 57 59 
-1 53 59 
-1 23 
-2 26 57 
-2 26 54 57 
-2 3 
-2 51 
-2 57 
-2 54 
-2 54 
7
-1 59 64 
-1 59 64 
-1 26 54 64 
-1 26 37 45 64 
-1 64 
-1 64 
-2 26 54 59 64 
5
-1 6 39 
-1 18 26 45 
-1 33 57 
-2 60 61 
-2 29 57 
8
-1 15 27 
-1 53 
-1 45 
-1 14 48 
-1 52 64 
-1 14 64 
-1 55 62 
-2 54 
7
-1 18 56 63 
-1 37 46 
-1 25 59 
-1 15 27 47 60 64 
-2 42 
-2 13 25 35 55 64 
-2 41 42 55 56 
6
-1 52 57 
-1 15 27 56 
-1 18 56 
-2 26 54 62 
-2 51 54 
-2 54 
12
-1 62 63 
-1 19 52 
-2 3 
-2 3 43 
-2 9 35 37 58 63 
-2 32 35 64 
-2 3 36 55 
-2 18 
-2 59 63 
-2 35 42 
-2 19 
-2 64 
5
-1 64 
-1 44 60 64 
-1 60 
-1 46 55 56 63 
-1 17 18 46 55 56 57 63 
7
-1 56 
-1 13 
-1 25 41 
-2 54 
-2 6 63 
-2 58 
-2 56 63 
6
-1 0 59 63 
-1 59 
-1 34 
-1 54 
-1 6 25 
-2 32 54 
12
-1 23 46 
-1 19 58 
-1 7 37 59 
-1 37 
-1 54 59 
-1 57 59 
-1 17 26 58 
-1 46 
-2 58 
-2 37 61 
-2 7 
-2 37 
8
-1 15 18 27 64 
-1 24 
-1 13 16 35 
-1 64 
-1 17 41 
-1 64 
-2 27 64 
-2 64 
5
-1 27 38 46 63 
-1 31 52 58 62 
-2 38 
-2 53 
-2 41 
7
-1 64 
-1 38 60 
-1 38 64 
-1 0 8 15 16 27 64 
-1 64 
-1 3 8 17 38 48 64 
-1 50 
13
-1 50 64 
-1 38 64 
-1 0 38 51 
-1 19 39 53 56 57 64 
-1 37 42 
-1 64 
-1 27 61 
-2 49 54 61 
-2 38 58 
-2 35 54 64 
-2 49 51 
-2 38 49 51 54 64 
-2 51 
7
-1 17 23 38 48 59 
-1 5 8 27 38 
-1 31 38 58 62 64 
-2 5 34 38 49 
-2 5 26 38 49 54 
-2 64 
-2 9 49 
16
-1 27 64 
-1 16 58 59 
-2 49 
-2 42 
-2 52 
-2 52 
-2 30 
-2 16 17 48 
-2 58 
-2 5 17 48 53 59 64 
-2 30 
-2 1 5 10 16 35 53 64 
-2 60 
-2 42 58 
-2 10 
-2 16 58 
6
-1 14 48 64 
-1 14 
-1 39 46 53 62 
-1 53 
-2 17 
-2 10 61 
6
-1 15 
-1 26 54 
-1 56 63 
-2 36 
-2 51 
-2 12 47 
11
-1 40 
-1 14 48 
-1 22 
-1 22 
-1 24 53 
-1 53 55 
-1 0 5 14 29 38 61 
-2 14 25 55 61 
-2 14 31 48 57 61 
-2 17 34 54 58 
-2 35 54 61 64 
6
-1 29 64 
-1 7 16 21 38 
-1 24 
-1 29 64 
-1 58 62 
-1 33 40 
6
-1 57 63 
-1 20 
-1 50 55 59 
-1 31 58 62 
-1 28 41 60 61 64 
-2 12 28 61 
7
-1 32 39 
-1 8 
-1 44 47 64 
-1 39 55 
-1 4 14 22 48 64 
-1 44 60 
-2 41 55 
7
-1 16 31 38 
-1 42 52 
-1 42 51 62 
-1 31 
-2 12 64 
-2 43 
-2 11 44 
14
-1 62 
-1 7 37 54 
-2 8 45 
-2 40 51 
-2 7 21 61 
-2 58 
-2 24 61 64 
-2 13 24 
-2 13 24 64 
-2 1 
-2 37 
-2 54 
-2 7 62 
-2 37 61 
10
-1 4 
-1 58 
-1 1 32 
-1 23 
-1 64 
-1 1 42 
-1 55 56 59 63 
-1 36 47 
-1 7 37 52 
-2 6 
8
-1 62 
-1 35 
-1 48 
-1 13 31 
-1 24 55 56 62 63 
-1 25 55 59 
-2 12 
-2 61 
7
-1 33 
-1 20 64 
-1 38 49 
-2 43 
-2 64 
-2 4 64 
-2 11 
5
-1 52 
-1 12 
-1 28 38 48 50 61 
-1 10 42 
-2 40 
10
-1 9 
-1 4 43 64 
-1 44 
-1 42 58 
-1 64 
-1 33 
-1 0 14 38 48 
-2 12 61 
-2 12 50 
-2 0 10 61 
22
-1 15 33 60 
-1 30 
-1 48 55 58 64 
-1 55 
-1 15 60 
-1 14 
-1 5 22 25 
-1 2 25 55 
-1 0 55 
-1 22 
-1 22 
-1 34 63 
-1 49 64 
-1 26 54 58 64 
-1 54 
-2 38 
-2 38 
-2 26 59 63 
-2 64 
-2 2 
-2 2 64 
-2 23 64 
8
-1 20 58 62 64 
-2 35 
-2 20 
-2 10 32 33 47 49 
-2 49 
-2 49 
-2 32 50 
-2 29 
5
-1 62 63 
-2 45 
-2 45 
-2 29 49 64 
-2 9 64 
5
-1 59 63 
-2 3 
-2 29 
-2 22 49 51 64 
-2 3 
8
-1 62 64 
-1 11 64 
-1 25 28 41 64 
-1 5 24 61 
-1 57 
-1 59 63 
-2 5 31 38 61 62 
-2 57 
7
-1 55 62 63 
-1 11 
-1 36 51 53 62 
-2 20 54 64 
-2 54 
-2 30 51 
-2 11 42 62 
5
-1 63 
-1 61 
-2 29 53 64 
-2 17 30 
-2 35 47 61 
7
-1 59 
-2 12 
-2 53 
-2 26 56 
-2 54 58 
-2 64 
-2 39 
5
-1 8 59 63 
-1 23 46 
-2 25 55 
-2 45 51 
-2 40 42 
5
-1 62 
-1 53 58 62 
-2 39 61 
-2 39 51 53 
-2 56 63 
7
-1 13 14 45 63 
-2 29 
-2 22 49 
-2 32 
-2 35 
-2 35 
-2 32 61 
6
-2 17 21 34 
-2 35 
-2 45 64 
-2 24 
-2 49 
-2 35 
9
-1 62 63 
-1 5 33 45 46 61 
-1 12 19 52 
-2 19 
-2 33 37 
-2 36 64 
-2 58 
-2 21 58 
-2 49 
5
-1 54 
-2 20 64 
-2 18 29 54 64 
-2 40 
-2 7 37 
10
-1 16 27 40 48 58 64 
-1 33 
-1 39 59 
-1 30 
-1 52 54 57 
-1 23 
-1 27 
-1 39 53 59 
-2 53 58 
-2 64 
27
-1 42 59 
-2 9 
-2 27 
-2 3 9 29 64 
-2 9 47 64 
-2 53 
-2 39 
-2 53 63 
-2 3 
-2 11 35 
-2 11 42 
-2 53 
-2 11 
-2 11 
-2 3 11 35 58 
-2 61 
-2 3 
-2 3 29 64 
-2 51 
-2 35 
-2 64 
-2 51 
-2 2 36 42 64 
-2 61 
-2 3 
-2 42 
-2 42 
5
-1 35 64 
-1 21 24 42 49 
-1 11 
-1 36 47 64 
-2 0 
7
-1 17 48 59 63 
-1 59 
-2 34 
-2 18 64 
-2 64 
-2 59 
-2 32 61 
5
-1 59 60 
-1 63 
-1 30 
-2 54 
-2 61 
6
-1 15 56 63 
-1 59 
-1 14 20 21 24 52 54 58 59 60 62 64 
-1 33 39 
-1 31 62 
-2 2 
5
-1 3 15 45 56 63 64 
-1 3 55 62 
-2 36 64 
-2 37 
-2 63 
5
-1 28 32 44 45 
-1 32 
-1 8 44 47 
-2 22 58 61 
-2 7 12 16 40 
6
-1 39 51 56 
-1 47 60 64 
-1 36 
-1 30 33 45 58 62 
-1 40 56 58 
-2 42 
18
-1 7 16 
-1 63 
-1 55 
-1 9 
-1 36 43 
-2 7 51 57 63 
-2 58 
-2 57 
-2 10 
-2 34 
-2 4 
-2 54 
-2 54 
-2 3 
-2 3 
-2 64 
-2 3 
-2 36 
5
-1 64 
-2 30 
-2 37 
-2 58 63 
-2 6 63 
8
-1 60 62 63 
-1 5 14 24 48 64 
-2 21 47 
-2 60 62 
-2 7 40 45 
-2 7 37 61 64 
-2 7 17 22 35 48 59 
-2 17 21 34 61 
5
-1 25 30 46 59 63 
-2 45 
-2 22 37 
-2 59 64 
-2 60 
8
-1 42 61 
-1 30 61 
-1 26 52 57 61 
-1 25 41 
-1 19 55 
-2 54 
-2 23 51 
-2 12 42 61 
5
-1 58 62 63 
-2 22 23 49 
-2 22 35 
-2 35 
-2 64 
6
-1 52 57 63 
-1 2 59 
-1 28 60 62 
-1 4 
-2 22 26 54 61 
-2 22 49 
5
-1 60 62 63 
-1 5 31 
-1 27 31 61 
-2 14 48 64 
-2 64 
5
-1 15 63 
-2 10 22 54 58 
-2 28 54 61 64 
-2 44 
-2 64 
18
-1 28 29 64 
-1 50 56 62 63 
-1 56 64 
-1 64 
-1 2 
-1 49 57 
-1 40 
-1 56 63 
-1 25 59 
-1 40 
-1 17 40 48 
-1 24 
-1 33 
-1 18 36 51 55 63 
-1 63 
-1 2 29 57 64 
-1 2 57 
-2 2 
6
-1 18 47 
-1 39 63 
-1 52 57 
-1 7 26 33 54 
-1 33 37 
-2 61 
5
-1 18 27 39 56 62 63 64 
-1 55 62 
-1 40 
-2 32 58 61 
-2 18 53 
10
-1 27 
-1 7 27 37 45 
-1 3 37 40 41 
-1 3 
-1 3 27 
-1 5 40 48 
-1 13 33 62 
-2 53 64 
-2 64 
-2 25 49 58 61 64 
6
-1 16 38 62 
-1 16 31 62 
-1 15 
-1 21 24 41 61 
-2 58 62 
-2 60 62 
8
-1 58 
-1 29 
-1 28 
-2 64 
-2 23 53 63 
-2 49 
-2 55 63 
-2 64 
5
-1 53 62 
-1 63 
-1 25 59 
-2 30 48 64 
-2 40 55 
6
-1 12 13 39 59 62 
-1 16 30 31 48 62 
-2 6 54 
-2 32 61 
-2 25 49 
-2 31 49 63 
10
-1 3 45 
-1 61 
-1 40 
-1 34 40 
-1 58 62 
-2 30 45 61 64 
-2 23 54 64 
-2 64 
-2 24 64 
-2 37 54 64 
7
-1 15 
-1 63 
-1 26 46 52 54 
-1 37 
-2 37 44 61 
-2 45 57 
-2 61 
6
-1 57 
-1 52 54 
-1 56 59 63 
-2 55 
-2 55 
-2 55 
5
-1 41 61 
-1 57 
-1 9 
-1 47 57 
-2 27 32 61 
7
-1 15 27 63 
-2 10 29 
-2 27 32 64 
-2 18 
-2 57 64 
-2 25 42 51 55 57 
-2 32 59 
19
-1 11 21 28 45 
-1 59 60 
-1 26 32 57 64 
-1 34 40 52 64 
-2 20 31 55 61 64 
-2 9 32 53 
-2 54 61 
-2 57 
-2 37 
-2 37 49 64 
-2 34 
-2 32 53 
-2 64 
-2 13 21 32 42 49 64 
-2 8 32 35 64 
-2 40 42 64 
-2 32 34 40 43 49 57 64 
-2 45 
-2 32 37 
5
-1 60 
-2 4 53 
-2 4 11 34 53 
-2 43 59 
-2 43 47 59 
8
-1 56 63 
-2 3 
-2 7 47 64 
-2 7 58 61 
-2 3 42 
-2 47 61 
-2 28 
-2 20 62 64 
11
-1 4 
-2 20 34 47 57 
-2 34 49 
-2 22 
-2 36 44 61 64 
-2 43 62 
-2 32 
-2 4 32 35 36 51 61 
-2 62 
-2 32 61 
-2 9 
6
-1 59 
-1 33 58 59 
-1 19 52 
-1 59 63 
-2 12 41 
-2 41 
17
-2 40 58 
-2 40 64 
-2 40 
-2 45 
-2 49 54 64 
-2 49 
-2 54 58 
-2 40 
-2 42 54 
-2 40 51 64 
-2 1 42 49 64 
-2 1 42 
-2 10 
-2 1 42 
-2 1 47 
-2 41 
-2 32 
6
-1 24 46 
-1 13 31 
-1 53 54 
-1 39 
-2 24 31 38 62 
-2 46 
8
-1 56 63 
-1 5 28 38 62 64 
-2 12 
-2 12 
-2 64 
-2 64 
-2 13 
-2 23 64 
6
-1 33 60 
-1 56 
-1 37 
-1 7 
-2 37 51 
-2 0 50 56 61 63 
14
-1 11 59 60 
-1 52 57 
-1 46 59 63 
-2 37 58 
-2 40 57 
-2 37 58 
-2 37 64 
-2 47 
-2 1 42 
-2 1 
-2 7 35 37 57 
-2 1 
-2 36 42 47 
-2 1 
6
-1 23 
-1 8 63 
-1 26 33 52 54 
-2 40 57 
-2 3 18 32 
-2 34 35 
8
-1 62 
-1 39 57 
-1 26 58 
-1 8 32 56 
-2 23 
-2 2 
-2 6 13 49 55 
-2 30 53 
6
-1 52 56 62 63 
-1 60 
-2 7 35 40 61 64 
-2 33 45 
-2 21 
-2 58 
9
-1 36 43 64 
-1 52 57 
-1 7 51 58 
-1 51 56 58 59 63 
-2 57 
-2 58 62 
-2 49 61 
-2 22 23 61 
-2 44 
7
-1 18 
-1 11 28 29 64 
-1 2 63 
-2 63 
-2 21 49 57 64 
-2 21 24 59 63 
-2 21 
5
-1 56 
-1 22 
-1 8 
-2 27 
-2 19 55 
8
-1 62 63 
-2 38 
-2 30 
-2 30 48 64 
-2 30 53 64 
-2 38 41 
-2 64 
-2 32 
14
-1 0 31 
-1 53 
-1 14 38 48 
-1 31 64 
-1 14 25 48 64 
-1 14 25 40 48 
-1 63 64 
-1 46 52 
-1 61 
-1 2 23 38 59 64 
-1 47 
-2 6 64 
-2 64 
-2 61 
41
-1 28 29 64 
-1 5 28 38 
-1 27 38 64 
-1 16 64 
-1 16 61 64 
-1 48 64 
-1 5 38 56 63 64 
-1 64 
-1 39 
-1 10 14 16 39 48 57 58 64 
-1 63 
-1 14 17 27 48 58 64 
-1 17 
-1 17 64 
-1 17 48 50 51 61 64 
-1 8 17 48 
-1 17 27 58 64 
-1 16 17 58 59 64 
-1 39 
-1 64 
-1 49 
-1 63 
-1 49 57 
-1 63 64 
-1 13 16 30 31 42 57 64 
-1 31 57 64 
-1 13 16 31 61 
-2 16 57 58 61 64 
-2 32 61 64 
-2 28 61 64 
-2 36 59 
-2 5 25 26 41 54 55 61 
-2 5 13 17 48 55 
-2 17 40 58 61 
-2 5 17 58 
-2 36 64 
-2 20 49 64 
-2 40 
-2 49 
-2 49 
-2 51 
6
-1 34 40 57 64 
-1 55 62 63 
-1 49 55 58 
-1 42 64 
-2 2 42 
-2 42 64 
7
-1 62 
-1 7 19 23 39 52 54 60 
-1 0 1 
-2 10 55 
-2 25 55 62 
-2 37 62 
-2 9 45 
6
-1 61 
-1 8 41 63 
-1 25 55 59 
-1 46 61 
-1 54 
-2 2 12 
20
-1 36 64 
-1 44 64 
-1 34 64 
-1 15 33 
-1 53 
-1 55 
-1 2 8 18 25 41 55 
-1 55 64 
-1 64 
-1 55 
-1 21 50 51 55 57 64 
-1 8 50 
-1 7 
-1 11 45 61 
-1 57 
-1 54 
-1 7 
-1 40 48 64 
-1 60 64 
-1 3 33 36 62 64 
7
-1 60 62 
-1 15 63 64 
-1 21 33 49 
-1 39 63 
-1 40 
-1 22 25 55 59 
-1 9 14 45 48 60 64 
7
-1 56 62 
-1 39 59 
-1 62 
-1 27 46 59 
-2 3 27 63 64 
-2 51 
-2 31 53 58 
8
-1 52 
-1 60 62 
-1 41 
-1 4 
-1 62 
-2 12 
-2 64 
-2 47 
5
-1 18 26 54 63 
-1 18 
-2 53 
-2 43 
-2 43 61 64 
5
-1 61 64 
-1 4 
-1 48 49 57 
-2 34 
-2 2 34 
5
-1 62 
-1 41 
-1 41 
-1 15 17 38 64 
-2 50 
