d0 0 2 1 2 2 2 2 2 2 2 0 0 1 1 
d1 2 0 2 2 1 1 1 0 2 2 2 0 1 1 1 2 2 1 2 1 2 2 1 2 2 
d2 2 2 1 1 0 2 2 1 2 2 2 2 2 2 2 2 2 2 1 1 2 0 1 1 1 0 2 1 1 1 2 1 1 
d3 1 1 1 1 1 1 1 1 1 1 1 1 1 1 1 1 
d4 0 0 2 0 0 0 0 2 2 2 2 0 2 1 
d5 0 2 0 2 0 0 0 1 1 2 
d6 1 1 1 1 1 1 
d7 1 1 1 1 2 0 1 1 1 0 0 0 1 1 1 1 1 1 1 1 1 
d8 0 0 1 1 1 1 1 1 1 1 1 1 1 
d9 2 0 0 2 2 0 2 2 2 2 2 0 2 0 2 0 2 0 2 
d10 2 1 1 1 2 0 1 2 1 1 1 1 0 1 1 0 1 1 1 1 
d11 2 0 0 2 2 0 2 0 
d12 1 0 1 0 1 1 0 1 1 1 
d13 1 0 2 0 2 2 1 2 2 2 2 2 1 1 1 1 1 1 2 1 1 2 2 0 1 1 0 
d14 0 1 2 1 2 0 1 0 1 0 0 2 2 0 1 1 0 0 1 1 0 1 0 1 0 0 0 0 0 0 0 0 1 1 1 1 1 
d15 1 1 1 1 1 1 1 1 1 1 1 
d16 1 2 1 2 2 1 1 2 2 2 2 2 2 1 1 1 2 2 2 2 1 2 2 2 1 1 2 2 
d17 2 1 0 2 2 2 2 2 2 1 2 1 2 2 2 1 2 1 1 1 2 1 2 1 1 1 
d18 1 1 2 1 1 0 2 0 0 1 2 1 1 1 1 1 1 1 1 1 0 
d19 1 1 0 0 0 1 1 1 0 0 0 1 1 1 1 1 1 1 0 0 1 1 1 1 1 1 
d20 1 0 0 0 1 0 1 1 0 0 1 1 1 1 1 
d21 1 2 1 0 1 0 2 0 1 1 1 2 1 2 1 1 2 0 0 1 0 0 1 0 1 1 1 1 1 
d22 0 2 2 1 0 2 0 2 0 1 0 0 0 2 1 2 0 2 0 1 0 2 1 1 1 1 1 0 1 0 0 0 1 0 1 0 1 1 2 0 1 0 0 0 1 1 1 1 
d23 1 2 1 1 2 0 2 2 2 1 2 0 1 1 2 2 
d24 2 2 2 1 1 0 1 2 2 1 1 1 0 0 1 1 0 1 1 1 2 0 2 2 1 2 1 2 0 1 2 1 2 0 0 1 2 1 1 2 1 
d25 1 2 0 2 1 0 0 1 1 1 1 1 1 2 1 1 1 1 1 
d26 2 2 1 0 1 2 2 0 1 0 0 1 2 2 0 1 0 0 1 1 0 2 1 0 0 0 0 2 1 2 0 1 1 0 1 2 1 
d27 0 0 1 1 1 
d28 1 2 2 2 1 2 2 1 1 2 1 1 1 2 1 1 1 1 2 1 1 1 1 1 1 1 1 
d29 1 1 1 1 1 1 
d30 2 1 2 2 2 1 1 1 1 1 1 
d31 2 2 2 1 2 1 1 1 2 1 2 1 1 2 
d32 1 1 2 1 1 1 0 1 1 0 1 1 1 1 1 
d33 0 0 0 0 0 0 0 0 1 0 0 0 0 
d34 2 2 2 2 1 2 2 1 2 1 2 2 
d35 2 1 1 2 2 2 1 0 0 2 2 1 2 1 
d36 2 1 1 0 2 2 1 2 1 2 1 1 1 1 1 2 
d37 2 2 1 2 2 1 2 2 1 2 2 2 1 1 2 1 
d38 1 2 2 2 2 1 1 1 2 1 2 2 1 1 2 1 2 1 2 1 2 
d39 2 2 1 2 0 1 0 1 2 1 2 1 2 2 2 2 2 1 0 2 1 1 2 
d40 0 2 1 2 0 2 2 0 0 1 2 2 1 2 0 0 1 1 
d41 0 0 1 1 0 0 0 1 1 
d42 2 1 1 1 2 2 2 2 1 1 1 1 1 1 1 2 1 
d43 2 1 1 2 2 1 2 2 0 1 2 
d44 2 2 1 2 1 2 2 1 0 1 2 0 0 0 2 1 1 
d45 2 1 1 0 2 0 1 1 2 
d46 2 1 1 0 1 1 1 0 1 1 1 
d47 1 0 1 0 2 1 1 0 2 1 0 2 1 0 2 0 1 1 1 1 2 1 1 0 1 1 
d48 0 1 1 1 1 0 0 0 1 1 1 1 0 1 1 1 1 1 0 1 1 1 0 1 0 1 1 0 1 1 1 1 
d49 2 2 2 1 2 2 2 2 1 1 1 1 
d50 1 2 2 2 1 1 1 1 2 1 1 2 1 2 1 1 1 1 1 
d51 2 1 1 2 2 1 0 1 1 1 1 1 1 
d52 2 2 1 1 1 2 2 1 2 2 2 2 2 2 2 2 1 2 1 1 2 2 1 2 2 2 1 1 2 1 1 1 1 2 1 2 2 
d53 2 2 2 1 2 2 2 2 2 1 1 1 2 1 1 1 2 1 1 2 
d54 2 1 1 1 2 1 2 1 1 2 1 2 1 1 2 1 2 1 1 2 1 1 1 1 0 2 1 2 
d55 1 0 1 1 0 1 1 0 1 1 1 1 1 1 2 1 0 1 1 1 1 1 1 1 0 1 1 1 1 2 1 1 0 1 0 1 1 0 1 1 1 1 1 
d56 1 0 1 1 0 1 1 1 1 1 0 1 0 1 0 1 1 1 0 1 0 0 1 1 0 0 1 0 0 1 0 1 1 1 0 0 1 1 1 
d57 2 0 0 2 2 2 0 2 0 2 2 
d58 1 2 2 2 2 1 1 1 1 1 1 2 2 1 1 1 1 1 1 1 1 1 1 
d59 0 2 1 2 1 0 0 2 0 2 2 0 1 0 1 1 1 2 2 1 0 2 2 1 0 0 2 0 2 0 2 0 0 1 1 1 1 1 1 
d60 2 1 1 1 1 1 0 1 1 2 0 1 1 2 0 1 0 2 1 1 0 1 2 2 0 2 2 0 1 2 1 0 1 1 0 1 1 1 1 0 0 1 0 1 0 1 2 0 0 1 1 0 0 1 1 
d61 2 2 1 2 2 2 1 2 2 2 1 2 2 1 1 1 2 1 2 2 1 1 1 2 2 2 2 1 1 1 2 2 
d62 0 0 0 0 0 1 1 0 0 0 2 1 0 0 
d63 1 2 0 1 0 0 0 0 1 1 0 1 1 1 0 1 0 1 0 1 1 1 2 0 1 1 0 1 1 0 0 1 0 1 
d64 2 2 0 0 2 2 0 1 2 2 1 1 0 0 0 0 0 1 0 1 1 1 0 1 1 2 1 2 2 2 1 2 2 1 1 2 0 1 0 1 1 0 1 1 0 
d65 2 1 1 1 2 1 1 2 0 1 0 1 2 1 0 1 1 0 2 0 1 1 1 1 1 1 1 1 1 1 1 0 0 0 1 1 1 1 
d66 0 0 1 0 1 0 0 0 0 1 1 1 1 0 1 0 0 0 0 0 1 1 1 0 0 0 1 1 1 1 1 0 0 0 1 
d67 1 2 1 2 0 1 1 2 1 1 
d68 1 1 1 1 1 1 1 1 1 1 1 1 1 1 1 1 
d69 0 2 2 1 1 1 2 2 2 2 1 2 1 1 1 0 1 1 2 2 1 1 
d70 0 1 1 2 1 1 1 1 2 0 0 2 0 1 0 1 2 2 1 2 1 1 1 1 0 1 0 2 1 1 1 
d71 0 1 1 0 1 1 1 0 1 1 0 0 1 
d72 0 1 0 0 1 0 2 1 1 1 1 1 2 1 1 1 1 1 1 
d73 1 1 1 2 2 0 2 2 1 2 1 
d74 0 2 2 1 1 0 0 1 1 1 1 2 1 1 1 1 0 1 1 0 0 1 1 1 
d75 1 1 1 1 0 0 0 1 1 1 1 
d76 1 1 0 1 1 1 1 0 1 0 0 1 1 1 0 0 0 0 0 1 1 1 0 1 0 1 1 1 1 1 1 1 1 1 
d77 1 1 1 1 2 1 1 1 1 1 2 1 1 1 2 2 1 1 1 1 1 
d78 1 2 1 1 2 1 1 1 1 1 2 2 1 2 1 1 1 1 2 1 2 1 1 1 1 1 1 
d79 1 1 1 1 1 1 1 1 1 2 1 1 1 1 1 1 1 1 
d80 1 1 2 0 1 1 0 2 2 1 1 2 2 1 
d81 2 0 1 0 2 2 1 2 0 1 2 1 1 2 1 1 1 1 0 
d82 0 0 0 0 0 1 1 
d83 1 1 1 1 1 2 0 1 1 1 1 1 1 1 1 1 1 1 1 1 1 1 1 1 
d84 1 2 1 2 1 2 2 2 
d85 1 1 1 1 1 1 2 1 1 1 1 1 1 1 1 
d86 2 1 2 2 1 1 2 1 2 1 1 1 1 1 1 2 1 
d87 2 2 0 0 2 0 0 1 2 0 0 0 0 2 0 0 2 0 0 0 0 0 0 1 
d88 2 2 1 1 1 2 1 2 1 
d89 2 1 2 0 0 2 1 1 1 1 0 
d90 0 0 1 1 0 
d91 1 1 1 0 1 1 2 1 0 1 1 1 1 1 1 1 1 1 1 1 1 1 1 1 1 0 1 1 1 0 0 1 1 1 1 
d92 1 1 0 0 1 1 1 2 1 1 1 1 1 1 1 1 1 0 0 1 0 1 0 1 1 1 1 1 1 
d93 2 2 2 0 1 2 0 1 2 1 
d94 1 1 1 0 0 1 1 1 1 1 1 1 1 1 0 1 0 1 1 1 0 0 1 
d95 1 0 0 0 0 0 0 1 0 1 1 1 1 1 1 1 
d96 1 0 0 0 0 0 2 0 1 0 0 2 0 0 1 0 1 0 2 0 1 1 1 0 1 1 0 1 0 1 1 2 0 0 0 2 0 
d97 0 1 1 0 0 1 0 1 1 0 0 0 2 0 0 0 1 2 2 0 0 1 0 0 1 2 
d98 1 1 2 0 1 1 2 0 1 0 1 2 1 1 2 2 1 2 2 1 0 0 1 1 0 0 1 1 0 0 0 0 0 0 1 1 0 0 1 0 1 1 1 
d99 1 2 1 1 1 0 1 1 1 0 1 1 1 1 1 1 1 1 1 1 1 0 1 0 1 1 2 1 1 1 
d100 2 1 2 1 0 1 1 1 2 0 1 1 1 1 1 2 2 1 2 1 1 1 1 1 1 2 2 2 2 1 2 2 2 1 1 1 2 1 
d101 2 1 0 0 0 0 1 1 1 1 
d102 0 1 1 1 1 1 1 1 1 1 1 1 1 1 1 1 1 1 1 
d103 2 2 0 2 0 
d104 1 1 2 1 1 1 2 2 2 1 1 1 1 
d105 0 1 1 1 1 1 1 1 1 1 1 1 1 1 1 1 1 1 1 1 1 
d106 0 2 0 1 0 2 1 0 0 1 2 1 2 0 2 1 2 1 2 0 0 0 0 1 2 1 0 1 2 2 0 0 1 0 1 2 1 1 1 2 2 2 0 0 1 1 2 1 2 2 2 2 0 2 1 2 0 1 1 2 0 1 0 2 0 1 2 1 0 2 1 1 1 2 
d107 0 2 1 2 1 0 2 1 2 0 2 1 0 1 1 1 
d108 0 0 0 1 0 0 0 0 0 0 0 0 0 1 0 0 1 0 1 0 0 1 
d109 1 2 1 1 0 1 1 0 0 1 1 1 1 2 1 1 0 1 0 0 1 0 1 0 1 1 1 0 1 0 0 1 1 
d110 0 0 1 0 1 0 1 0 1 0 1 1 0 1 1 1 1 0 1 0 1 1 1 1 1 1 1 1 1 1 
d111 0 1 0 0 0 1 0 1 1 1 1 0 0 0 0 0 1 1 0 0 1 1 1 1 1 
d112 2 0 1 1 1 2 2 1 1 2 1 1 
d113 1 2 0 1 0 0 0 0 1 1 1 1 1 1 1 2 1 0 1 1 0 2 1 0 1 0 1 0 0 0 0 1 0 1 1 2 0 
d114 0 0 1 1 1 1 1 1 1 1 
d115 1 2 1 1 0 1 1 1 1 0 1 1 0 1 1 1 1 1 
d116 0 0 2 0 0 2 0 0 1 1 1 1 
d117 0 1 1 1 1 0 0 2 0 1 0 1 1 1 0 2 0 1 0 2 1 1 1 1 0 1 0 0 1 2 2 0 1 1 1 1 1 1 0 2 1 1 1 0 2 0 0 0 0 0 0 0 1 2 2 
d118 1 0 0 0 1 1 1 1 1 0 1 1 2 1 2 1 2 2 1 1 0 0 1 1 1 2 2 1 1 1 0 0 1 1 2 1 0 1 0 1 0 2 1 1 1 1 2 1 1 2 2 1 1 2 1 1 1 1 1 0 2 2 1 2 0 1 0 1 1 1 0 1 1 1 0 1 1 2 2 1 1 
d119 2 2 0 0 0 0 0 0 0 0 1 1 0 1 2 0 2 2 0 0 2 1 0 1 1 1 
d120 0 0 0 2 2 0 2 1 0 2 0 0 0 0 2 1 1 0 0 0 1 1 1 2 0 1 0 2 1 1 1 0 1 0 2 1 1 0 1 0 2 1 1 1 0 0 0 2 0 1 2 2 2 1 0 1 0 0 0 1 0 1 1 1 1 1 
d121 1 1 1 1 1 1 2 1 1 2 1 1 1 2 1 1 0 1 2 1 1 1 1 2 1 1 0 0 1 0 2 1 1 0 1 1 1 1 2 1 1 0 2 1 1 1 1 1 1 1 1 1 1 
d122 0 1 2 2 1 1 1 1 2 0 2 0 0 1 1 1 0 0 2 1 0 1 1 2 2 2 2 0 2 1 0 1 
d123 0 1 1 1 1 1 1 1 1 1 1 1 
d124 1 2 2 2 0 1 1 1 1 1 1 1 
d125 1 1 0 1 1 1 0 1 1 1 0 0 1 1 
d126 0 2 1 1 1 0 1 1 1 1 1 1 1 0 1 0 1 
d127 1 0 1 0 2 1 0 0 0 0 
d128 1 2 2 1 2 1 1 0 2 0 1 1 2 2 1 2 2 1 1 1 1 1 1 
d129 0 1 2 2 0 2 0 1 2 2 2 1 1 1 2 0 1 1 0 2 0 0 0 1 2 2 2 2 1 2 1 2 0 1 0 2 0 0 0 1 0 1 1 0 1 1 1 2 
d130 1 1 0 1 1 1 0 1 1 0 1 1 0 1 1 
d131 1 0 0 1 0 
d132 1 0 2 1 0 0 1 1 0 0 1 1 0 1 1 1 
d133 0 0 0 1 0 1 2 1 0 0 1 0 
d134 2 2 2 2 2 2 0 0 2 1 0 0 2 0 2 0 0 2 2 2 2 2 
d135 2 1 0 0 0 0 1 0 1 0 1 1 0 1 1 0 1 1 1 1 0 1 2 1 0 1 0 1 1 1 1 2 1 1 0 0 0 0 0 0 0 1 0 1 1 0 1 1 1 0 1 1 0 
d136 2 2 0 2 1 1 1 1 2 2 2 2 2 0 2 0 0 0 1 1 2 2 2 1 2 1 2 2 1 2 2 2 2 0 2 1 2 2 1 0 1 2 2 1 1 1 1 2 
d137 1 1 0 1 1 1 1 1 0 1 1 1 1 0 1 1 1 2 1 
d138 1 2 2 1 1 2 2 2 2 2 2 2 2 1 2 1 1 1 2 0 2 0 1 2 2 1 1 1 2 1 
d139 1 1 1 0 0 1 1 0 1 0 1 1 1 
d140 0 1 0 1 0 1 1 1 1 0 1 1 1 1 0 1 
d141 1 1 0 1 0 2 0 0 0 1 0 1 0 2 0 0 0 0 0 0 1 1 0 
d142 2 1 2 0 2 0 0 0 1 0 0 1 1 
d143 1 1 1 1 1 1 1 0 1 1 1 0 1 1 0 1 1 1 
d144 1 0 0 0 1 1 
d145 2 2 2 2 1 0 0 1 1 2 1 1 1 0 0 1 0 1 2 1 
d146 0 2 1 2 0 0 1 1 0 1 0 0 1 0 0 1 1 0 1 1 1 
d147 2 2 0 2 1 2 1 1 1 0 1 2 2 1 1 2 1 0 1 
d148 0 0 1 1 0 0 
d149 2 1 2 2 1 1 0 2 2 2 2 2 2 
d150 1 1 1 2 1 1 1 
d151 0 0 1 0 0 1 1 1 0 1 1 0 0 2 2 2 2 2 0 1 0 2 1 2 
d152 0 0 0 0 1 0 0 0 0 0 1 0 0 0 0 0 1 1 0 1 0 1 0 1 1 
d153 1 1 1 0 0 0 0 1 1 1 1 1 0 1 
d154 0 1 0 0 0 1 1 0 2 2 1 1 1 0 1 0 0 0 1 1 1 1 1 1 1 
d155 0 1 2 2 2 1 2 2 2 2 0 2 2 1 0 0 2 2 0 1 2 
d156 1 0 0 0 0 1 1 1 1 1 
d157 1 1 2 1 2 1 2 1 
d158 0 1 1 0 1 1 1 1 1 1 1 1 1 1 1 1 0 1 1 1 
d159 2 1 0 2 1 0 2 1 0 2 1 0 1 0 1 2 1 0 0 2 2 1 1 0 1 0 2 0 0 1 0 1 0 2 0 1 1 1 1 1 1 1 1 
d160 1 2 2 1 1 2 1 1 1 1 1 1 1 1 
d161 1 1 1 0 1 1 0 1 1 1 0 1 0 1 0 1 0 1 0 1 1 1 0 0 0 0 0 0 1 0 1 
d162 0 2 0 0 0 0 2 1 0 0 1 1 1 2 1 1 1 0 1 0 1 1 0 0 0 1 1 0 0 1 1 1 0 
d163 1 1 0 1 1 1 1 1 1 1 1 1 1 1 1 1 
d164 1 1 0 0 1 1 0 
d165 1 2 1 2 0 0 2 1 1 1 2 1 1 1 
d166 2 0 2 1 0 0 1 2 1 1 0 1 0 0 1 1 
d167 2 1 1 2 1 1 2 1 0 1 1 0 2 2 1 2 1 2 2 1 1 
d168 2 2 2 1 2 
d169 1 2 0 1 1 2 1 2 1 1 2 1 1 2 2 1 2 1 2 
d170 1 2 1 0 1 0 0 0 1 
d171 1 0 0 1 1 1 2 2 0 1 1 1 1 0 1 0 0 1 1 1 1 
d172 1 1 0 1 1 1 1 1 0 0 1 0 0 0 0 1 1 1 1 0 1 
d173 2 2 2 2 1 1 2 1 2 1 1 2 1 2 2 1 2 1 1 1 2 1 1 1 1 
d174 1 2 0 2 0 2 2 1 1 0 2 0 2 0 2 1 1 
d175 0 0 1 1 1 1 1 0 1 1 1 1 1 1 1 1 
d176 1 0 0 0 0 2 0 0 0 0 0 0 2 0 1 0 0 0 0 1 1 
d177 1 1 1 1 1 1 2 1 1 1 1 1 1 1 1 
d178 2 0 0 2 0 2 0 2 2 0 2 1 2 1 0 1 0 1 0 1 0 2 1 0 0 0 2 1 0 0 1 0 0 0 1 1 1 2 
d179 1 1 2 0 1 2 1 1 0 1 1 1 
d180 0 1 1 0 1 1 0 1 0 1 0 1 1 1 1 1 
d181 1 1 0 2 2 2 0 0 0 1 2 1 2 2 1 0 1 1 2 2 1 2 0 1 1 2 1 1 2 1 1 2 1 0 1 1 0 0 0 0 1 2 1 1 1 0 1 1 2 1 2 0 1 1 1 
d182 0 1 1 1 1 1 1 1 0 0 1 1 1 1 1 1 1 1 0 1 1 1 
d183 1 2 1 2 0 1 2 2 2 2 1 2 1 1 1 1 1 1 2 1 1 2 1 1 1 1 
d184 0 1 1 0 0 0 0 1 0 1 2 2 1 1 1 1 1 2 1 2 0 1 1 1 
d185 2 0 0 0 0 0 1 1 2 1 1 2 2 0 0 2 1 0 2 
d186 1 1 2 1 2 2 1 1 2 0 0 0 1 2 1 0 0 2 1 1 1 1 1 1 1 1 1 
d187 2 1 1 1 1 
d188 1 2 1 1 1 1 1 1 0 1 0 1 1 1 1 2 2 0 2 0 1 1 0 1 1 1 1 1 0 0 1 1 0 1 1 
d189 1 1 1 1 1 1 1 1 1 1 
d190 0 1 1 0 1 0 1 0 1 2 1 0 0 0 0 1 2 1 1 0 0 0 1 1 1 1 1 0 0 1 1 0 0 0 1 0 0 0 1 
d191 2 2 2 1 1 1 1 2 2 1 1 1 1 1 2 2 2 0 1 1 0 1 0 1 2 1 1 1 0 1 1 1 2 2 1 1 1 1 1 1 2 2 2 2 0 2 1 2 0 2 0 1 2 1 2 2 2 1 2 
d192 2 1 0 1 1 0 1 1 1 1 1 1 1 2 1 1 1 1 1 1 
d193 0 0 0 0 1 1 0 1 0 1 1 0 
d194 2 1 0 2 0 0 2 2 1 1 0 2 1 1 1 1 1 1 1 1 1 1 1 1 1 
d195 1 1 1 1 2 1 1 1 1 1 1 1 2 1 1 1 1 1 1 2 1 1 
d196 0 1 0 0 1 1 1 0 1 1 0 0 0 0 1 1 0 0 1 
d197 1 0 1 1 1 0 1 1 1 1 1 1 1 0 1 1 1 0 0 1 
d198 0 0 1 0 1 0 1 0 1 0 0 1 0 0 1 0 1 1 0 0 0 1 1 1 
d199 0 1 0 1 0 1 0 1 1 1 1 0 1 
d200 1 1 1 2 1 1 2 1 1 1 2 1 1 1 1 1 1 1 1 1 1 1 2 1 1 2 1 1 1 1 1 1 1 1 
d201 1 0 1 1 1 1 1 1 
d202 1 1 1 1 2 1 1 1 1 1 1 2 1 2 1 2 2 1 2 2 2 1 1 2 
d203 1 0 0 2 0 0 0 2 1 1 
d204 1 0 0 2 2 0 1 1 0 1 1 0 1 1 1 2 1 1 0 0 1 0 1 0 0 0 1 2 2 1 1 1 2 1 2 1 1 1 0 1 2 1 2 1 2 2 1 1 2 1 0 1 1 1 0 1 1 1 0 1 1 0 1 0 1 1 1 1 
d205 1 2 0 0 0 0 1 0 1 2 0 1 2 0 1 1 2 1 1 0 1 1 1 
d206 2 1 0 1 0 1 1 1 
d207 0 0 0 0 0 1 1 1 1 0 1 1 
d208 2 2 1 1 1 1 1 1 1 0 1 1 
d209 0 1 0 0 1 0 1 0 0 1 1 1 1 0 1 1 1 
d210 0 0 1 1 2 1 0 1 
d211 1 2 1 1 0 1 0 1 2 2 1 2 1 0 2 2 0 2 2 2 2 1 1 1 0 2 
d212 1 1 1 1 1 1 1 1 1 1 1 0 1 1 1 1 1 1 
d213 1 1 1 1 1 1 
d214 0 1 1 0 0 1 0 1 1 1 1 1 0 0 0 0 0 2 0 1 
d215 0 0 1 1 1 1 0 0 1 1 0 1 1 1 0 0 1 1 0 1 2 1 
d216 0 0 1 1 2 1 1 0 2 1 2 1 0 0 0 0 0 2 0 1 0 2 1 2 0 0 1 1 1 1 2 1 1 1 1 1 2 2 
d217 0 1 0 0 0 0 0 1 1 0 1 1 0 0 1 0 1 
d218 2 1 2 1 1 1 1 1 1 2 
d219 2 1 2 2 2 1 1 1 1 1 1 1 1 2 1 1 1 1 
d220 2 2 2 0 2 0 1 2 0 1 0 1 2 2 1 1 2 2 2 2 0 0 0 1 1 0 2 1 2 1 1 0 1 1 1 0 1 1 1 2 
d221 0 1 0 1 1 1 0 1 0 0 1 0 0 1 1 
d222 2 2 1 1 1 1 1 1 
d223 0 0 0 1 0 1 1 2 0 1 1 0 1 0 
d224 1 0 0 0 0 1 0 0 0 0 1 
d225 0 2 2 2 1 2 2 2 2 1 2 
d226 1 2 0 1 1 1 2 0 0 0 0 2 1 1 1 0 1 0 1 0 
d227 2 1 1 1 1 1 1 1 1 1 1 1 1 1 1 
d228 2 1 0 0 0 1 1 0 2 1 1 1 1 1 1 1 1 1 1 1 1 1 1 1 1 0 0 1 1 1 
d229 1 1 1 1 2 1 1 1 1 1 1 1 1 2 1 
d230 2 1 1 1 1 0 1 1 1 2 0 2 0 2 1 1 1 1 2 1 1 1 1 
d231 1 1 2 0 1 1 2 1 1 1 1 1 2 1 2 
d232 1 1 0 0 0 0 0 0 0 1 0 0 0 1 
d233 2 2 1 0 2 1 0 0 1 2 0 0 1 0 0 
d234 2 1 1 1 1 1 1 1 2 2 1 
d235 0 0 0 0 0 0 0 0 1 
d236 2 1 2 1 1 1 1 1 
d237 2 2 2 2 2 2 2 2 1 1 
d238 2 1 0 0 0 1 2 2 0 0 0 1 0 2 1 0 1 2 1 0 1 0 1 1 0 1 1 2 0 0 0 0 1 2 0 1 0 0 0 0 0 1 1 0 1 1 1 1 2 
d239 2 2 2 1 1 1 2 1 1 1 1 1 1 1 1 1 2 2 2 1 1 1 1 2 1 1 2 1 1 1 2 1 1 1 
d240 2 2 2 1 2 1 2 1 2 
d241 1 0 0 0 1 0 
d242 1 1 1 0 0 1 0 0 0 0 0 0 1 0 0 1 0 1 0 0 0 0 1 1 0 0 1 0 
d243 1 1 1 1 2 2 1 1 2 1 1 1 
d244 2 0 1 1 1 0 0 1 1 0 1 1 1 1 0 1 1 1 1 0 1 0 1 1 1 1 1 1 1 0 2 1 1 1 0 0 0 0 1 1 0 1 1 0 0 1 2 
d245 1 1 1 1 1 1 1 0 1 1 1 1 1 1 1 1 1 1 1 1 1 
d246 1 2 1 1 2 1 1 1 1 1 1 1 1 1 1 1 1 1 2 
d247 0 1 1 1 1 1 1 1 1 1 1 
d248 1 2 1 1 1 2 1 1 1 0 1 0 1 1 1 
d249 0 0 0 0 1 0 1 1 2 0 1 2 2 0 0 
d250 0 2 1 1 0 1 1 2 0 1 1 0 1 1 1 1 
d251 1 0 0 0 0 0 0 0 1 0 0 1 0 0 0 0 0 1 0 1 1 
d252 1 1 1 1 1 1 1 1 1 1 1 1 
d253 0 1 0 0 1 0 1 0 0 1 0 1 1 1 
d254 1 1 2 2 1 2 2 2 1 2 1 1 1 1 2 1 2 1 1 1 1 1 1 1 1 1 1 2 2 2 1 1 2 1 1 1 1 1 1 1 1 2 1 1 1 1 1 
d255 0 2 1 1 1 0 2 0 2 1 2 0 1 1 1 1 
d256 1 1 1 1 1 0 1 1 
d257 1 1 2 2 1 1 1 0 1 1 1 1 0 1 0 0 1 0 0 1 1 1 2 1 2 1 0 0 1 1 2 1 2 0 1 1 1 2 0 0 1 1 1 1 1 1 1 1 0 0 0 2 0 1 1 1 0 1 1 1 0 0 1 1 1 1 1 1 
d258 0 1 0 0 1 0 1 2 1 0 0 1 
d259 2 2 2 2 2 2 2 1 1 1 1 1 2 
d260 1 1 1 1 1 
d261 0 0 1 1 0 1 0 1 1 0 1 1 
d262 2 1 2 1 1 1 2 1 2 1 1 2 1 2 2 2 2 1 2 0 
d263 0 1 1 1 2 1 1 0 1 0 0 1 1 0 2 1 1 1 0 1 0 1 1 1 1 0 0 1 2 1 0 1 2 0 2 1 1 2 1 1 0 1 0 0 0 0 0 1 0 1 1 0 0 1 1 0 0 1 1 1 1 
d264 0 2 0 1 2 0 0 1 0 0 0 2 0 1 0 1 1 1 2 2 1 2 2 0 2 1 0 1 1 0 0 2 2 0 0 0 0 1 1 0 1 2 1 
d265 1 1 1 2 1 1 1 1 1 1 1 1 1 1 1 1 1 1 1 1 
d266 2 1 2 1 2 2 1 2 
d267 0 0 1 1 0 0 1 0 1 0 0 2 2 0 1 1 1 0 1 1 0 0 2 1 1 1 1 2 0 2 0 2 0 0 0 0 0 0 0 1 0 1 1 
d268 1 1 1 1 1 1 1 1 1 1 
d269 0 1 2 1 1 1 0 2 1 1 1 1 1 1 1 1 1 0 1 1 1 1 1 1 
d270 1 1 1 1 1 1 2 1 0 1 2 1 0 1 2 2 2 1 1 1 2 1 0 1 2 2 1 1 1 1 1 1 1 1 2 1 1 1 1 1 1 1 1 1 1 2 1 1 1 
d271 2 1 1 1 2 1 1 1 1 1 1 2 1 0 1 1 1 1 2 1 2 2 2 1 1 1 1 2 1 2 1 1 
d272 1 1 0 1 1 1 1 1 1 1 1 1 1 2 2 0 1 1 1 
d273 1 1 1 0 1 1 1 0 1 1 1 0 1 1 
d274 1 1 0 0 0 0 0 0 0 0 0 0 0 0 0 0 0 1 0 0 1 0 0 0 0 2 0 
d275 2 2 1 2 0 0 1 0 1 0 2 1 1 1 2 0 1 2 0 0 1 1 1 
d276 0 0 2 0 1 2 1 2 1 0 1 1 0 1 1 2 1 2 0 1 1 1 1 1 0 0 1 1 1 1 1 0 1 1 1 1 
d277 1 1 1 1 0 1 2 0 2 1 2 2 2 1 1 1 2 1 1 0 2 2 2 1 1 2 1 1 1 1 1 2 2 1 2 2 2 1 1 0 0 1 1 0 1 0 1 1 1 1 2 0 
d278 1 2 2 1 2 1 1 2 2 2 1 2 1 1 2 1 1 1 1 2 2 1 1 
d279 1 1 2 1 2 2 2 1 2 2 2 2 1 1 
d280 1 1 1 0 1 0 1 1 0 1 1 1 1 1 1 1 0 1 1 1 1 1 
d281 1 1 1 1 1 1 1 1 1 1 
d282 0 1 1 0 0 0 2 2 1 0 2 1 0 1 1 1 0 0 0 1 1 0 1 1 1 
d283 1 1 1 1 1 1 
d284 2 0 1 2 2 1 2 2 2 1 0 2 1 1 0 1 2 1 1 1 0 1 
d285 2 2 1 1 1 2 1 2 1 2 1 1 2 
d286 1 1 1 1 1 1 1 1 
d287 2 1 1 1 2 1 1 1 1 2 1 1 1 2 1 2 1 2 1 1 2 1 1 1 1 0 1 0 1 1 1 1 
d288 0 1 1 1 1 1 1 0 
d289 0 1 1 1 2 0 1 2 1 1 1 
d290 0 1 1 0 2 0 1 0 2 0 0 1 0 0 0 1 1 
d291 2 2 2 2 2 2 2 0 2 2 1 2 0 1 1 1 2 2 2 1 1 
d292 2 2 2 1 1 1 1 1 2 2 1 
d293 2 2 1 2 1 2 1 1 2 2 0 2 1 0 1 2 1 0 1 1 1 1 
d294 0 0 0 1 0 
d295 1 0 1 1 1 1 0 1 1 1 
d296 2 1 1 1 1 1 1 1 1 1 2 1 1 1 1 1 1 
d297 1 0 2 0 0 1 1 1 1 1 1 1 2 0 1 0 0 1 1 0 1 1 2 1 1 2 1 2 1 1 0 1 0 1 1 1 1 1 1 1 1 0 1 1 1 1 1 1 1 0 1 1 1 1 1 1 
d298 0 1 1 0 2 0 0 1 2 1 0 1 0 0 0 0 0 0 0 2 0 1 0 0 1 0 2 0 1 0 1 2 1 0 2 1 1 1 1 1 1 0 1 0 0 0 1 0 0 0 1 1 1 0 1 1 1 1 
d299 1 0 0 0 0 1 1 0 0 0 1 0 1 0 1 1 0 0 1 1 0 1 1 0 1 0 1 0 1 0 0 1 1 1 
d300 1 2 0 0 1 1 0 1 1 0 2 1 1 1 0 1 1 1 0 1 0 1 0 1 1 1 
d301 1 1 1 1 1 1 1 1 1 1 1 1 
d302 0 0 1 1 0 0 0 1 2 0 1 0 1 1 1 1 2 1 0 1 1 0 1 1 1 
d303 1 1 1 2 1 1 2 1 0 1 1 2 1 1 1 
d304 1 1 1 0 1 2 1 1 2 2 2 1 1 2 1 2 2 1 1 2 2 2 1 1 1 2 2 1 1 1 1 
d305 1 1 1 1 1 1 1 1 1 1 1 1 1 1 1 1 1 1 1 1 1 1 1 1 
d306 0 0 1 0 1 1 0 0 1 1 0 0 0 0 1 1 
d307 1 1 1 1 1 1 1 1 1 1 1 1 1 
d308 2 1 1 1 1 2 1 1 
d309 1 1 0 1 0 1 0 1 1 
d310 1 1 1 1 1 1 1 1 
d311 1 2 1 0 2 1 1 2 2 0 1 0 0 2 1 0 1 2 2 1 0 1 1 1 1 2 1 1 1 1 1 1 1 1 1 
d312 0 0 2 2 1 0 0 
d313 1 1 0 1 0 0 0 0 1 0 0 0 0 1 1 1 0 1 1 0 0 1 1 0 1 0 1 0 0 0 0 0 0 1 0 1 0 0 0 1 0 1 0 
d314 2 1 2 1 0 1 2 0 1 0 2 1 1 2 1 0 1 2 2 1 0 0 2 1 1 2 0 2 0 2 2 1 0 1 0 1 2 1 2 0 1 0 2 1 2 2 2 1 1 2 0 2 1 1 0 0 0 1 1 1 0 0 
d315 2 2 2 1 1 0 1 2 1 1 0 1 1 2 2 1 1 1 2 1 2 1 2 1 1 1 1 1 1 2 0 1 2 1 1 1 1 1 
d316 2 2 1 2 1 2 2 1 1 0 1 1 1 2 2 2 2 0 1 0 2 1 2 1 1 2 2 1 1 2 1 0 2 2 0 0 0 2 1 1 1 1 2 1 1 1 1 1 1 1 1 0 1 1 1 1 
d317 2 0 1 1 1 1 1 0 1 1 
d318 0 1 0 0 1 0 1 1 1 
d319 1 0 0 1 2 1 1 1 
d320 1 0 1 1 0 2 0 0 1 1 1 2 2 1 1 1 2 2 1 2 1 2 1 1 2 2 1 1 1 0 1 1 0 1 
d321 0 1 1 1 1 1 1 0 1 1 1 0 1 0 1 1 2 1 0 0 1 1 1 1 2 2 0 1 0 1 1 0 1 0 1 1 0 1 1 1 1 0 1 0 1 1 1 1 1 1 0 1 1 0 1 1 1 1 1 0 1 0 1 0 0 0 0 1 1 0 
d322 2 2 2 0 2 2 2 2 2 2 1 2 2 1 2 1 
d323 1 2 0 1 0 1 2 2 2 2 1 2 1 1 1 0 1 2 2 1 2 2 0 0 1 1 1 1 1 1 1 0 1 0 1 1 1 1 1 1 0 2 2 1 1 1 1 2 2 1 1 1 2 1 0 1 2 1 1 1 1 0 1 1 1 1 2 0 1 1 1 2 1 
d324 1 1 1 0 1 2 2 0 1 1 2 1 2 2 0 2 2 0 0 2 2 2 1 2 1 1 1 1 0 1 2 2 
d325 1 0 2 1 1 2 0 1 0 2 0 1 0 2 2 1 2 2 1 1 2 1 1 1 2 1 0 1 1 0 2 0 1 2 1 1 1 1 1 1 1 0 1 0 1 0 2 1 1 1 1 1 0 1 
d326 0 1 1 1 1 1 0 1 0 1 0 1 1 1 0 1 1 1 0 0 1 1 1 1 0 1 0 1 1 0 0 2 1 1 1 1 0 0 1 1 1 0 1 1 1 1 0 1 1 1 1 1 1 1 1 
d327 1 0 1 1 0 1 2 2 2 1 1 1 1 1 2 2 2 2 0 2 1 1 1 1 1 2 1 0 1 1 1 1 1 1 2 2 1 1 1 1 1 1 2 0 0 1 1 1 1 1 1 0 1 2 2 1 1 0 0 2 1 1 2 1 1 1 2 1 1 1 1 2 1 1 2 2 1 1 1 1 1 0 1 2 0 1 1 1 1 1 1 1 2 1 1 2 1 
d328 2 0 0 0 2 1 0 0 1 2 2 2 2 2 1 1 1 1 1 1 1 0 0 0 0 0 1 1 1 1 1 1 1 1 1 1 0 1 1 0 1 1 1 1 1 1 1 1 1 1 1 
d329 1 1 0 2 1 0 1 0 0 0 1 1 1 1 1 1 0 0 1 0 0 1 0 1 1 1 1 0 1 1 0 1 1 1 1 1 0 
d330 2 2 2 2 1 2 0 1 2 0 1 1 0 1 0 2 1 0 1 2 1 2 1 0 2 1 2 2 1 2 0 1 2 1 1 0 2 2 1 2 0 0 2 2 1 0 1 1 1 1 1 1 1 1 
d331 1 1 1 2 2 0 1 0 1 1 1 1 1 1 2 2 1 1 1 1 1 1 1 1 0 1 0 1 1 1 1 1 1 1 1 1 
d332 2 2 2 1 2 1 1 1 1 1 2 1 1 1 1 1 2 1 2 1 2 1 2 2 2 1 1 1 2 1 2 1 2 1 2 2 1 1 1 1 1 2 2 
d333 1 2 1 0 1 1 2 1 1 1 0 0 1 0 2 1 0 0 1 2 1 1 1 2 0 0 1 0 1 1 1 0 0 0 1 1 1 1 1 
d334 1 2 2 1 1 0 1 1 2 1 1 2 1 1 1 1 0 1 2 1 1 
d335 2 0 2 1 2 1 0 2 2 1 1 0 1 1 2 1 2 2 2 1 1 0 2 2 2 1 1 2 1 1 1 1 
d336 2 1 0 0 2 1 0 1 2 0 1 2 2 0 0 2 2 1 2 2 2 1 2 2 1 2 2 1 1 1 0 0 1 1 2 
d337 1 1 2 2 2 1 1 2 1 2 1 1 2 1 1 1 2 1 1 2 2 2 1 1 1 1 1 1 1 1 1 1 1 1 1 2 1 1 1 1 2 1 
d338 2 1 2 0 2 0 0 0 0 1 2 1 1 0 0 0 1 0 1 1 2 0 1 0 1 1 1 0 1 2 1 
d339 2 1 2 2 1 1 1 2 2 1 2 1 1 1 1 2 2 1 1 1 2 2 1 1 1 1 1 1 1 1 1 1 
d340 2 2 1 1 1 0 2 1 2 2 0 0 2 1 1 2 2 0 0 1 2 0 1 0 0 
d341 1 0 0 1 0 1 1 0 1 0 1 1 1 1 0 1 1 0 1 0 1 1 1 1 0 0 1 1 1 0 
d342 2 2 0 1 1 1 0 2 2 1 1 1 0 0 0 1 1 2 2 1 2 2 1 1 2 1 2 1 1 2 
d343 1 1 1 1 1 1 1 2 1 1 1 1 1 1 1 1 1 2 1 1 1 2 1 1 1 1 1 1 1 1 1 1 1 1 1 1 
d344 2 2 1 0 1 1 1 2 0 0 1 0 1 2 2 1 2 2 2 0 2 2 2 1 2 1 1 1 1 
d345 2 2 2 1 1 2 1 1 1 2 1 1 2 1 1 2 1 1 1 1 1 
d346 0 1 1 1 2 0 1 1 1 0 1 0 2 1 2 1 2 0 1 0 1 0 1 1 1 1 1 1 2 1 1 1 1 1 2 0 2 1 0 1 1 1 
d347 1 1 2 2 1 2 2 0 1 0 0 1 0 1 1 0 1 0 2 0 1 2 1 0 0 1 0 1 0 0 2 1 1 0 1 2 0 1 1 1 1 0 0 0 0 1 1 2 0 1 0 2 0 1 2 1 0 0 0 0 1 1 1 0 1 0 2 0 0 1 1 1 2 1 
d348 1 1 0 1 1 2 2 0 1 2 2 1 2 1 0 0 0 2 1 2 1 0 2 2 1 1 0 0 1 1 1 0 0 1 1 1 1 2 2 1 0 2 2 1 1 0 1 1 2 1 0 0 1 1 1 1 1 0 1 0 1 1 1 1 1 
d349 2 2 0 0 0 2 1 2 1 1 0 1 2 2 1 2 1 2 1 1 1 1 1 1 1 1 0 0 1 1 1 0 1 
d350 0 0 0 1 0 1 0 0 0 2 1 1 1 0 0 0 0 1 1 0 1 1 1 1 1 0 0 1 1 
d351 2 2 0 1 1 0 2 1 1 1 0 
d352 1 2 2 2 1 2 2 2 1 2 1 2 1 0 1 2 1 1 2 1 1 1 1 2 1 1 1 
d353 2 1 0 0 0 1 0 0 0 2 0 2 0 0 2 0 0 1 1 1 0 0 0 1 1 0 0 1 1 1 0 2 1 1 1 1 1 1 1 0 1 1 0 1 0 
d354 1 1 1 1 0 1 1 0 1 1 0 1 1 1 
d355 1 1 2 1 1 1 2 2 2 2 2 1 2 2 1 2 2 1 1 2 2 1 2 1 2 1 2 2 1 0 1 2 1 2 1 1 2 2 2 1 2 2 2 1 2 1 1 0 1 2 2 2 2 1 2 1 0 1 2 1 1 1 2 1 2 
d356 1 0 0 2 1 2 0 0 1 0 1 0 0 1 0 2 0 1 0 1 0 1 1 1 1 1 1 1 2 1 2 1 1 1 2 1 1 1 1 0 1 
d357 1 1 1 2 1 1 1 1 1 1 1 1 1 1 1 1 1 1 1 
d358 0 1 0 1 1 1 1 
d359 1 1 0 0 1 0 1 1 1 1 0 2 0 1 1 0 0 1 0 1 1 0 1 2 2 1 1 1 0 0 1 2 0 1 1 1 1 1 1 1 0 1 1 1 1 
d360 2 0 1 2 0 0 1 2 1 0 1 0 2 1 2 0 0 1 1 1 1 1 
d361 1 1 1 1 1 1 1 1 1 1 1 
d362 2 2 2 0 1 
d363 2 2 0 0 1 1 2 1 2 1 1 1 0 0 2 1 2 1 2 1 1 1 1 1 1 1 1 1 
d364 1 1 2 1 0 2 1 2 2 1 0 1 2 1 0 1 0 0 1 1 2 1 1 2 1 1 2 1 1 2 1 2 1 2 1 1 1 1 1 2 1 1 1 0 1 1 1 1 
d365 1 1 0 0 1 0 1 1 1 1 1 0 1 2 0 1 1 2 1 2 1 1 1 0 1 0 1 1 1 2 0 0 1 1 2 1 0 1 0 1 0 1 0 1 0 1 1 0 1 0 0 0 2 1 2 0 0 0 1 1 1 1 1 1 0 2 1 1 1 2 1 1 2 1 0 2 1 1 1 1 2 1 0 1 1 1 1 1 1 1 1 1 1 1 0 1 0 1 1 1 0 1 0 1 0 1 1 1 1 1 1 1 1 1 1 
d366 1 1 0 0 1 2 0 2 2 1 1 1 1 0 1 0 1 0 1 1 0 2 1 1 1 1 1 1 
d367 1 0 0 1 2 1 1 1 1 2 1 2 1 1 0 1 1 0 2 0 0 0 0 1 1 1 0 2 2 0 0 0 1 1 2 1 0 0 2 0 0 2 0 1 1 0 1 1 2 0 0 1 0 1 0 1 1 1 0 1 0 0 1 1 2 1 1 1 1 1 0 2 0 1 0 0 1 2 1 0 1 0 1 0 2 1 1 1 1 2 0 1 0 1 1 1 1 
d368 2 0 1 1 1 2 2 2 1 2 2 0 0 1 2 2 1 1 1 1 
d369 2 0 1 2 2 1 2 0 
d370 2 1 1 2 1 1 1 2 2 2 1 1 2 1 1 1 1 
d371 1 1 1 1 1 1 1 
d372 2 2 0 1 2 1 2 1 0 1 1 1 1 2 1 2 1 0 1 1 0 0 2 1 0 1 1 1 
d373 1 0 1 1 1 1 1 1 1 
d374 2 2 2 2 2 1 2 1 1 2 1 0 1 1 2 1 1 2 1 
d375 1 2 0 1 2 2 1 1 1 1 2 1 1 
d376 1 2 1 2 2 2 2 2 2 1 1 2 2 
d377 1 1 0 1 0 1 0 1 1 2 2 1 1 1 1 1 2 1 0 1 0 0 1 1 1 1 1 
d378 1 1 0 1 1 1 1 2 1 1 1 1 1 1 1 
d379 0 1 1 0 0 0 0 0 
d380 0 1 1 0 1 1 1 1 1 2 2 0 1 2 1 1 2 1 1 1 1 2 1 1 1 1 1 1 
d381 2 0 1 1 2 2 2 1 0 1 1 1 2 1 0 2 1 1 0 0 2 2 1 2 0 0 2 2 1 1 2 2 0 1 1 1 1 0 0 0 1 0 2 2 2 1 0 0 2 1 0 1 1 1 2 2 2 2 1 2 1 2 2 0 1 1 1 1 2 1 1 1 2 1 
d382 0 1 2 1 1 2 0 2 0 0 1 0 0 1 2 1 0 
d383 0 2 1 1 0 1 1 2 2 1 2 1 1 1 1 
d384 1 1 1 1 1 0 1 1 1 1 1 
d385 1 0 2 1 2 0 1 0 2 1 1 0 1 0 
d386 1 2 1 1 0 1 2 1 2 2 1 2 2 2 2 1 1 2 
d387 0 1 1 1 1 1 0 1 1 0 1 1 0 0 1 1 0 1 1 0 0 0 1 0 1 2 1 0 0 1 0 1 0 0 1 1 
d388 1 1 1 1 1 1 1 1 1 
d389 1 1 2 0 1 1 0 1 1 0 0 2 1 1 1 1 1 1 1 
d390 1 1 2 2 1 1 2 2 2 2 2 2 2 1 2 2 1 2 1 1 1 2 1 1 1 1 1 1 1 1 1 1 1 1 1 1 
d391 1 2 1 2 2 1 2 1 2 1 1 1 1 1 1 1 1 
d392 1 1 1 0 1 2 1 1 1 0 1 1 1 2 1 0 2 1 1 2 1 1 1 1 1 1 1 0 
d393 1 0 1 1 0 1 1 1 0 0 0 0 1 1 1 0 2 0 1 0 1 1 1 1 
d394 1 1 2 1 1 0 1 1 1 1 1 1 0 0 1 1 1 1 0 1 2 1 1 1 
d395 2 2 2 2 2 1 1 2 2 1 1 1 
d396 1 2 2 2 2 1 1 1 2 2 1 2 1 1 1 1 1 1 1 2 
d397 2 0 0 1 1 1 1 2 0 1 0 0 2 1 1 1 1 1 2 0 0 0 1 1 1 2 0 0 1 0 2 1 1 1 0 2 0 2 1 0 0 1 1 1 0 1 1 0 1 1 1 1 1 
d398 0 2 1 1 1 1 0 1 0 1 1 1 1 1 1 1 1 1 1 1 1 1 1 1 1 0 1 1 1 
d399 2 1 2 0 2 1 0 0 2 0 1 0 2 0 2 1 1 1 1 2 1 1 1 2 2 0 1 1 0 2 1 1 1 2 2 0 1 1 1 1 2 2 0 1 1 1 1 0 0 0 0 0 1 0 1 1 1 0 2 1 1 1 1 2 1 1 2 2 
d400 0 0 1 1 1 1 1 0 1 0 1 0 1 1 1 1 1 1 1 1 0 1 1 0 0 1 
d401 0 0 1 0 1 1 0 0 1 0 0 1 1 1 1 1 1 0 1 1 1 0 0 1 1 1 1 0 0 1 0 0 0 1 1 1 0 0 0 1 1 1 0 0 1 1 1 
d402 1 1 0 1 1 0 1 0 1 1 0 1 1 1 1 1 
d403 0 2 0 2 0 1 1 1 1 1 1 1 0 1 0 1 1 0 1 1 
d404 1 0 0 1 0 1 0 1 1 
d405 1 0 0 1 1 
d406 1 0 0 1 0 1 1 0 2 0 0 2 0 0 1 1 1 
d407 1 0 1 0 1 1 1 0 
d408 1 1 1 0 1 0 0 0 1 2 1 1 0 0 2 0 1 0 0 1 0 2 2 1 1 1 2 1 1 1 1 1 1 1 
d409 1 1 1 1 1 1 
d410 2 2 0 0 2 1 1 1 
d411 2 2 2 2 2 1 1 1 1 1 1 1 1 
d412 1 1 1 1 1 
d413 0 1 0 1 0 0 1 0 0 1 0 1 0 
d414 2 2 0 0 2 2 0 1 1 1 1 1 
d415 1 0 1 0 1 1 
d416 1 1 1 1 1 
d417 1 1 1 1 1 1 1 1 
d418 0 0 2 0 0 2 1 2 1 1 1 
d419 0 0 2 0 0 0 1 1 0 0 1 1 0 2 0 0 1 1 0 1 1 1 1 
d420 0 0 1 0 0 1 1 1 0 0 1 0 0 0 0 0 1 0 0 1 1 0 1 
d421 1 1 1 1 1 1 1 1 1 1 
d422 1 0 1 1 1 1 1 
d423 0 0 0 1 1 
d424 1 1 1 1 1 
d425 1 1 1 1 1 0 2 1 1 0 0 1 0 2 0 1 1 1 
d426 1 2 1 1 1 1 2 1 1 1 1 2 2 2 1 1 2 
d427 1 1 1 1 1 0 1 1 
d428 1 0 1 1 1 0 0 1 1 1 1 1 0 1 1 1 1 1 0 0 1 0 0 1 1 1 0 1 0 1 1 1 1 1 0 1 1 1 0 1 
d429 0 1 1 2 1 2 1 1 
d430 1 0 0 1 1 0 0 1 1 1 1 1 0 1 0 0 1 1 
d431 1 1 1 1 0 1 1 1 1 1 
d432 2 1 2 1 1 1 
d433 1 1 1 1 0 0 0 1 0 1 1 1 1 1 
d434 1 1 2 2 1 1 1 
d435 0 1 0 0 1 1 1 2 2 1 0 1 1 1 1 0 0 1 1 
d436 0 0 2 2 1 2 2 0 2 2 0 2 0 2 1 0 1 1 0 2 0 0 2 0 0 2 2 0 0 0 0 0 0 1 0 0 0 0 0 0 0 2 2 1 1 2 2 0 1 0 0 0 2 0 0 1 2 0 2 1 0 1 0 1 1 1 1 1 0 1 1 1 0 1 
d437 1 1 2 1 2 2 0 2 1 1 2 2 2 0 1 1 1 0 0 2 2 2 1 2 1 1 1 2 2 2 2 0 2 1 1 2 1 2 1 1 1 2 1 1 1 1 2 2 2 1 2 2 1 1 2 1 1 1 2 1 2 1 2 2 2 2 2 1 0 1 2 1 1 1 1 0 2 1 2 2 1 0 0 0 1 1 0 2 2 1 2 1 1 1 2 2 2 1 0 1 2 1 1 1 2 1 2 1 1 2 1 1 0 1 0 2 2 1 2 1 2 1 1 2 1 1 0 1 1 1 1 0 1 1 1 2 1 2 0 1 1 2 1 0 1 2 1 1 0 0 1 1 1 1 1 1 1 1 0 0 1 0 1 2 2 1 1 1 1 1 2 0 0 0 2 1 1 2 0 0 2 1 0 0 1 2 1 1 1 2 2 1 1 1 0 0 0 1 0 2 0 1 2 1 1 1 2 2 
d438 0 1 0 1 1 1 0 1 1 1 1 0 1 1 1 1 1 0 1 0 1 1 1 
d439 1 1 1 2 1 2 2 1 2 1 2 2 2 2 1 1 2 1 2 1 1 2 2 2 1 2 1 2 1 1 2 2 1 1 2 
d440 1 1 0 1 1 1 1 0 1 0 2 0 2 0 0 0 0 1 0 1 0 0 0 1 1 0 0 
d441 1 1 1 1 0 0 1 1 1 0 0 1 1 
d442 0 2 2 0 1 1 0 2 0 2 2 1 1 1 1 1 2 0 2 0 0 2 1 1 1 0 0 0 
d443 0 1 1 1 1 1 1 1 1 1 1 1 0 1 1 1 1 0 2 1 2 0 1 0 1 0 1 0 
d444 1 0 1 0 1 0 0 0 1 0 0 1 0 1 1 0 0 0 1 0 1 0 0 
d445 1 1 1 0 1 0 0 1 0 1 1 1 1 0 
d446 0 0 1 0 0 0 0 1 0 1 0 1 1 0 0 0 1 1 1 0 1 
d447 2 2 2 2 1 2 1 2 2 1 2 
d448 1 2 2 2 1 0 1 2 1 1 1 2 
d449 0 0 0 1 0 0 1 1 0 0 0 1 0 0 1 0 0 1 0 
d450 2 1 2 2 1 0 2 2 2 1 1 1 2 1 
d451 0 1 2 0 2 1 0 1 1 1 1 2 1 1 1 1 1 1 1 1 1 1 
d452 2 1 1 2 0 2 2 2 1 1 1 2 
d453 0 0 1 1 2 0 2 0 1 2 0 1 1 2 1 0 2 0 0 1 1 0 0 1 1 0 
d454 2 1 2 0 1 1 1 1 1 1 1 1 
d455 0 0 0 1 1 0 0 1 0 0 0 0 1 1 0 1 1 1 1 0 0 0 1 1 1 0 
d456 1 1 0 0 1 1 1 1 
d457 0 2 2 1 2 2 2 1 2 2 0 1 1 2 1 0 0 2 1 1 0 0 2 2 0 0 2 0 2 2 0 2 1 2 1 2 2 1 2 0 2 2 1 1 1 2 1 1 0 2 1 1 0 1 1 1 2 1 2 1 0 1 0 1 2 0 1 0 0 1 0 1 2 0 1 1 1 1 2 0 1 2 1 1 0 1 0 2 0 0 0 0 1 1 1 2 1 1 0 0 0 0 0 2 0 0 0 1 0 1 1 1 1 1 2 1 
d458 1 1 1 0 1 1 1 1 1 1 1 1 1 0 1 1 
d459 2 2 2 2 1 1 1 1 1 1 1 1 
d460 0 1 0 0 0 0 1 1 0 0 0 1 0 0 1 1 1 1 
d461 1 1 1 1 1 1 2 2 2 1 2 1 2 2 1 1 1 2 1 2 1 1 1 1 1 1 1 1 1 1 1 
d462 0 1 2 2 1 2 2 2 2 1 2 1 1 0 2 1 1 1 1 1 2 1 1 2 
d463 2 1 1 2 2 1 1 1 2 1 2 2 2 2 1 2 2 1 1 1 1 1 1 1 2 1 2 1 1 2 
d464 1 0 1 1 1 1 1 0 1 0 1 1 1 1 1 0 1 1 1 1 1 
d465 1 1 1 1 1 1 1 1 1 1 0 1 1 1 1 1 1 1 1 1 1 1 1 
d466 1 0 0 1 0 1 0 1 
d467 1 2 2 0 0 1 2 2 1 2 0 1 0 2 0 1 1 2 0 1 0 2 2 2 2 
d468 1 2 0 2 2 2 2 2 2 1 2 1 2 1 1 2 1 2 2 1 0 2 2 1 2 1 2 
d469 2 2 2 2 1 2 1 1 1 1 1 2 2 2 1 1 2 1 2 1 1 1 2 1 1 2 1 1 1 1 2 
d470 0 2 0 1 0 1 0 0 0 0 1 1 0 0 0 0 0 0 1 0 1 0 0 1 
d471 2 2 2 2 2 2 0 2 0 0 2 2 0 1 0 1 1 0 0 0 0 0 2 0 2 1 2 0 1 2 1 2 0 1 1 2 1 1 
d472 0 1 0 0 0 0 0 1 0 0 0 0 0 0 0 0 0 0 0 0 1 0 1 0 
d473 0 0 0 0 1 0 0 0 0 0 0 0 0 0 0 0 1 0 
d474 0 0 2 2 0 0 0 0 0 2 2 2 0 2 2 0 0 0 0 1 0 1 0 0 0 0 
d475 2 1 2 1 2 2 2 1 2 1 1 1 1 2 1 1 1 2 2 2 1 2 2 2 1 2 1 2 2 1 1 2 
d476 0 0 2 0 0 1 0 1 0 1 0 0 1 0 0 1 0 1 0 0 0 0 1 0 1 0 1 
d477 2 2 1 1 2 1 2 2 2 2 1 1 
d478 0 0 2 2 0 0 0 0 0 0 
d479 2 2 2 2 1 2 2 0 2 0 2 2 2 2 0 2 2 2 0 2 2 2 1 1 2 0 2 2 2 
d480 1 1 0 2 1 2 1 0 0 0 1 0 1 1 1 0 2 1 2 2 2 2 2 0 0 1 1 2 
d481 1 2 1 2 1 2 1 2 2 1 
d482 1 1 1 1 1 1 1 1 
d483 2 2 2 2 0 2 2 2 1 1 1 2 2 1 1 2 0 1 1 0 2 1 2 2 2 2 1 1 1 1 
d484 0 1 0 1 0 0 2 0 2 1 2 0 2 0 2 1 2 2 0 2 0 2 0 1 0 2 1 0 0 0 1 2 0 2 0 0 2 2 1 2 2 0 0 1 1 2 0 2 1 0 2 0 1 2 0 0 1 1 1 2 1 2 2 
d485 0 1 1 2 1 0 2 1 1 0 2 0 0 1 1 0 1 1 0 0 1 0 0 1 1 1 1 0 0 0 
d486 2 2 1 2 2 1 1 2 1 2 2 2 2 2 1 
d487 2 2 2 2 2 2 2 2 2 2 2 2 2 
d488 0 1 2 2 1 1 1 1 1 0 1 2 2 2 2 1 2 1 2 2 1 2 2 
d489 2 2 0 2 1 2 2 2 1 1 1 1 2 
d490 1 0 2 2 1 0 1 0 2 0 0 0 1 2 1 1 1 0 1 0 2 0 1 0 0 1 0 0 1 0 1 1 1 1 1 1 
d491 0 1 2 2 1 2 1 2 1 1 0 1 
d492 1 2 0 1 0 0 0 0 1 2 0 0 1 2 2 0 2 0 0 2 1 2 2 
d493 2 1 2 1 2 2 2 1 2 2 2 1 2 1 1 2 
d494 1 1 0 0 1 0 2 1 1 2 2 0 0 0 1 2 2 
d495 1 0 1 1 1 
d496 0 2 1 2 0 1 2 2 2 0 1 0 0 0 2 2 0 0 2 0 2 1 1 1 1 
d497 0 2 1 1 2 0 1 0 0 1 2 1 2 0 0 2 1 1 1 1 
d498 0 1 1 0 1 0 0 1 1 1 0 1 2 0 0 1 1 0 0 0 1 1 1 1 
d499 1 2 2 2 2 1 2 1 1 2 2 1 1 1 2 
d500 0 2 2 2 1 2 0 2 
d501 1 1 0 2 0 1 1 2 0 1 1 1 0 0 1 0 1 0 2 0 
d502 0 1 1 1 1 1 2 2 
d503 2 1 1 1 0 0 0 1 0 0 1 1 0 0 2 1 0 2 1 0 0 0 0 1 2 0 0 1 2 1 2 0 1 1 1 2 
d504 2 1 2 2 2 2 1 2 2 1 1 1 1 1 
d505 2 0 2 1 2 1 2 2 2 2 2 1 1 1 2 1 
d506 2 0 0 1 1 2 2 1 2 2 0 2 2 2 2 2 0 2 2 2 
d507 0 0 2 1 0 1 2 0 2 2 0 2 2 0 1 2 0 0 1 2 2 
d508 1 1 2 1 2 2 1 1 2 2 1 2 1 1 2 1 2 1 2 2 1 2 2 
d509 0 0 2 1 0 1 1 2 1 0 0 2 0 1 0 0 1 0 
d510 1 1 1 1 0 0 0 0 1 0 0 0 1 1 1 1 1 
d511 0 0 1 0 1 1 0 0 2 1 0 1 0 0 0 
d512 2 2 0 0 0 0 0 0 
d513 1 1 1 1 0 1 0 2 1 1 1 0 
d514 1 1 2 1 1 0 1 1 2 1 1 2 1 1 1 1 1 2 2 1 1 1 1 1 1 1 1 1 2 1 1 1 1 1 2 2 1 1 2 1 
d515 2 1 1 1 2 2 2 1 1 1 
d516 2 1 2 2 2 2 2 2 2 2 2 1 1 2 1 
d517 0 1 2 1 0 0 
d518 2 2 0 2 1 2 0 1 1 0 2 0 2 1 1 1 0 2 1 2 1 2 2 0 0 2 2 0 0 1 1 1 
d519 0 2 0 0 0 2 0 0 1 0 2 2 0 0 1 2 1 0 1 2 1 0 2 2 2 1 2 1 1 1 1 2 0 2 1 2 
d520 1 2 2 2 2 1 2 
d521 0 0 0 0 1 0 1 0 1 0 
d522 0 1 2 1 0 2 2 2 1 0 1 1 0 2 1 1 1 1 0 2 1 0 0 1 1 2 0 1 0 1 1 1 2 2 2 2 2 1 1 2 1 2 2 1 1 2 
d523 2 2 2 0 1 1 1 1 0 1 0 2 0 1 2 1 1 
d524 2 0 0 0 1 0 1 0 0 1 2 0 2 0 0 2 0 2 0 0 1 
d525 1 2 0 1 2 2 0 2 0 1 2 2 0 1 0 0 2 1 2 1 2 2 1 1 2 2 2 0 2 1 0 0 2 2 2 
d526 2 1 1 2 1 1 1 0 2 1 1 
d527 2 0 0 0 1 0 1 0 1 2 0 2 0 0 0 0 0 1 1 0 1 1 1 0 1 1 
d528 2 0 0 2 1 2 1 1 1 1 2 1 1 1 1 1 2 1 
d529 2 2 1 1 1 1 0 1 0 1 1 0 1 0 0 1 0 0 1 0 1 0 2 0 1 1 
d530 0 1 2 0 0 1 0 0 1 1 1 0 1 1 0 0 1 2 2 0 2 2 2 0 1 2 2 2 1 1 
d531 0 0 1 2 2 2 2 1 2 0 1 1 2 0 2 2 1 2 1 1 0 2 
d532 0 2 1 0 2 2 2 2 0 1 2 1 0 2 2 0 1 2 2 2 
d533 1 2 0 2 2 2 0 0 1 2 2 2 2 0 0 2 0 2 0 0 0 0 0 2 0 2 2 1 2 2 1 1 1 1 2 2 2 0 2 1 1 2 2 0 2 0 1 1 2 1 2 1 
d534 1 2 2 0 1 1 1 2 2 1 0 0 1 1 1 
d535 2 0 2 0 2 1 2 0 2 1 0 2 0 0 2 2 1 0 2 0 1 
d536 2 2 2 0 2 0 0 1 2 2 0 2 
d537 0 2 2 2 1 0 2 2 1 1 1 2 2 2 1 1 1 2 2 0 0 1 0 0 2 1 2 
d538 2 2 1 2 0 1 1 1 1 
d539 1 1 2 2 1 1 1 1 2 2 1 1 1 1 1 1 1 
d540 1 0 0 2 0 0 1 2 1 1 2 0 0 0 2 2 1 2 1 
d541 2 1 2 2 1 0 1 2 2 2 2 2 2 0 2 2 2 2 2 2 1 2 
d542 0 0 0 0 0 1 0 2 0 
d543 0 0 2 1 1 2 0 1 
d544 0 0 0 0 0 0 1 1 1 1 
d545 0 1 0 0 0 1 1 0 1 0 1 1 1 2 0 0 0 0 1 1 1 1 1 1 
d546 2 1 1 1 2 1 2 1 1 1 2 1 1 1 1 1 
d547 1 2 1 1 1 2 2 2 1 0 2 2 2 1 0 0 2 1 1 1 1 1 0 2 1 0 2 1 1 2 1 1 
d548 0 2 2 0 0 0 0 0 0 2 2 0 0 
d549 2 2 1 2 1 1 1 1 1 1 
d550 1 0 1 1 0 1 1 1 1 1 1 1 
d551 1 2 2 2 2 2 1 2 2 2 2 1 1 2 1 0 0 1 2 0 0 0 2 1 2 2 1 1 2 2 
d552 2 2 2 1 2 0 1 1 1 2 1 1 1 1 1 
d553 2 1 2 2 2 2 2 1 1 2 
d554 2 2 0 1 1 1 0 1 1 2 1 1 1 1 1 1 1 2 2 1 1 2 1 1 2 
d555 2 0 2 2 0 2 0 2 0 2 0 2 
d556 2 0 0 1 0 2 1 0 1 
d557 0 0 1 1 1 0 0 0 2 1 2 1 2 1 1 2 0 
d558 2 2 2 2 2 1 2 2 2 1 2 2 2 2 2 2 2 2 1 1 1 2 1 2 1 
d559 0 2 2 1 2 2 0 1 1 2 1 1 2 2 1 1 0 2 1 2 0 2 2 1 2 1 2 2 0 2 0 1 2 
d560 0 2 1 1 2 1 1 0 2 2 2 1 2 2 2 1 1 2 1 1 1 0 1 1 2 1 2 0 1 1 2 1 1 0 0 0 1 0 0 2 1 2 2 2 0 1 2 0 1 2 2 2 1 0 2 1 2 1 1 0 1 1 2 1 
d561 2 1 2 2 2 2 2 2 2 2 2 1 0 2 2 1 2 1 1 2 2 2 2 1 2 2 0 2 2 
d562 1 1 1 0 0 1 
d563 1 1 1 1 1 1 1 1 1 1 1 1 1 1 1 1 1 1 
d564 1 1 1 2 1 1 1 2 2 0 0 2 2 1 1 2 0 1 2 0 0 0 2 2 0 0 2 1 1 1 0 2 0 1 2 2 2 1 2 2 1 0 1 1 1 
d565 1 2 1 2 1 1 1 1 2 1 1 1 1 1 1 1 2 1 1 1 1 2 2 1 1 2 1 1 1 
d566 1 1 0 1 1 2 2 1 1 2 1 1 1 1 1 1 1 1 1 1 1 1 1 1 
d567 2 2 0 0 2 1 2 0 2 0 1 1 2 1 
d568 0 0 2 1 1 0 0 1 0 0 0 0 0 0 0 0 0 1 2 0 0 1 0 0 0 1 0 0 0 0 2 0 1 1 0 0 1 0 0 0 1 1 1 0 0 0 1 
d569 1 2 2 2 2 2 1 1 2 2 2 1 1 2 1 2 2 2 2 1 1 1 
d570 2 1 1 2 2 2 1 1 1 1 1 1 2 1 2 2 1 2 2 1 1 1 2 2 1 2 2 1 
d571 2 0 0 2 1 0 0 0 0 1 0 1 1 0 0 0 1 1 0 1 1 1 1 2 1 0 0 1 0 1 0 1 0 0 1 2 1 1 1 
d572 1 2 1 2 2 1 1 1 1 2 1 1 1 1 1 1 1 
d573 2 0 2 2 0 1 1 2 1 2 2 0 2 0 0 2 2 1 0 2 1 1 0 1 1 0 0 1 0 1 1 2 1 1 2 
d574 1 2 1 1 2 2 2 2 2 2 2 2 1 2 2 2 1 1 1 2 2 1 2 1 2 1 1 2 2 1 1 2 1 2 1 2 2 2 2 1 1 1 1 1 1 1 2 1 2 1 2 1 2 1 1 2 2 2 1 1 1 1 1 1 
d575 2 2 1 1 1 1 1 2 1 2 1 1 1 
d576 1 2 2 1 2 2 1 0 1 1 1 1 2 1 1 1 
d577 0 1 0 1 1 1 1 0 2 
d578 2 0 1 1 1 2 2 1 1 1 1 1 
d579 0 1 1 0 1 0 1 1 
d580 0 0 0 1 1 1 0 1 1 1 1 0 1 1 1 0 1 1 1 1 1 
d581 1 0 0 1 1 0 
d582 2 0 2 2 2 2 2 1 1 1 1 1 2 1 2 1 1 1 1 2 1 2 2 2 1 2 2 2 1 2 1 2 1 1 1 1 1 1 1 1 1 1 
d583 0 2 1 2 2 1 2 2 1 
d584 0 2 2 0 1 0 0 2 0 0 1 1 1 
d585 1 1 2 2 2 2 2 2 1 1 2 1 1 1 1 2 2 2 1 1 1 1 
d586 1 2 1 1 1 1 1 1 1 
d587 2 2 1 2 0 0 1 0 0 0 1 0 1 1 0 1 0 
d588 1 2 2 2 1 
d589 0 2 1 1 2 1 1 1 2 0 2 1 1 2 1 1 
d590 1 1 0 1 1 0 1 0 1 0 0 1 0 0 0 1 1 1 0 1 1 1 1 
d591 2 2 1 0 2 2 0 0 1 0 1 1 0 1 1 1 0 0 1 1 0 1 0 2 0 2 1 1 0 1 0 1 1 1 1 2 1 0 1 1 
d592 1 1 1 1 1 1 1 1 1 1 1 1 1 1 
d593 0 2 2 2 0 2 2 0 2 0 2 2 1 0 2 0 0 2 2 1 2 2 2 2 2 2 1 0 1 1 1 2 1 2 1 0 1 2 2 0 1 1 1 0 1 
d594 2 0 2 1 2 1 1 2 1 1 1 1 1 2 1 0 1 1 1 1 0 1 0 1 1 1 1 1 0 2 1 0 1 1 1 1 1 2 1 0 0 2 2 1 1 1 1 2 1 2 2 2 0 1 1 2 1 2 0 1 2 0 2 0 2 2 1 2 2 0 0 0 0 1 2 1 2 1 0 1 1 1 2 2 
d595 2 2 1 0 2 2 2 1 1 1 1 1 1 1 0 0 1 0 2 0 2 2 1 0 1 2 0 1 1 2 1 1 2 1 2 1 1 0 1 1 2 0 1 2 1 1 2 1 1 1 0 1 2 1 1 0 1 2 2 2 1 1 0 1 0 0 1 0 1 1 1 1 1 1 1 1 
d596 1 0 2 2 1 1 2 2 2 2 1 1 1 0 1 0 2 1 1 2 0 2 2 0 1 1 2 2 2 2 2 0 1 1 1 1 2 2 
d597 2 0 0 0 2 1 2 2 2 1 2 0 2 0 1 1 2 2 0 2 1 0 2 2 2 1 2 1 1 0 2 2 1 0 1 2 1 0 2 2 0 1 0 1 1 2 
d598 1 1 1 2 0 0 0 1 1 1 0 2 0 1 2 2 2 2 1 2 1 1 1 1 0 1 1 1 
d599 2 2 0 1 2 1 2 0 2 1 2 2 2 1 1 2 1 1 0 2 1 0 0 1 1 2 
d600 0 1 0 0 2 1 0 2 2 1 1 0 1 0 0 1 0 1 1 0 1 2 1 0 0 
d601 1 1 2 2 1 2 2 2 1 1 2 1 2 1 1 2 2 2 1 2 2 2 2 2 2 2 2 1 2 1 2 2 2 1 2 2 1 2 2 1 2 1 2 2 
d602 1 1 2 2 2 1 0 0 2 2 2 2 0 
d603 1 0 0 2 0 2 2 0 0 2 1 0 2 1 1 1 2 2 1 1 1 1 0 0 1 0 0 1 0 0 0 1 2 1 0 2 1 1 1 2 
d604 0 1 1 0 1 1 
d605 2 1 0 2 0 1 1 0 0 1 0 1 2 2 2 2 1 2 2 2 2 2 2 1 2 
d606 2 2 2 0 1 1 2 1 2 1 2 2 2 2 0 2 1 0 0 2 2 2 
d607 1 0 0 0 0 0 0 2 0 0 1 2 1 2 1 0 2 0 1 0 2 0 0 1 0 
d608 1 1 0 1 1 1 2 0 2 1 2 2 2 2 0 2 1 1 2 2 2 1 
d609 0 2 0 0 1 1 1 1 0 1 0 0 0 0 1 0 1 1 1 
d610 2 0 1 1 0 2 1 0 0 0 2 2 2 2 2 1 2 2 1 1 2 2 0 2 0 1 2 
d611 0 0 1 2 1 0 1 0 0 2 1 2 1 2 1 1 1 2 0 1 1 1 
d612 1 1 2 2 2 1 1 1 1 2 1 1 1 1 1 1 1 1 1 1 1 1 1 1 
d613 0 0 1 1 0 0 0 0 0 0 0 0 0 1 0 0 0 1 0 1 0 1 1 1 0 1 1 0 
d614 0 2 0 0 0 0 0 0 0 0 0 0 2 1 2 2 
d615 1 0 0 0 0 0 2 1 1 0 1 1 0 2 0 1 2 0 0 2 1 1 0 1 2 0 0 1 1 1 1 1 1 1 1 1 1 
d616 2 0 0 2 2 2 2 2 2 2 2 2 2 1 2 1 1 1 1 2 1 
d617 1 1 1 1 1 1 1 
d618 1 1 1 1 2 1 2 2 1 1 
d619 2 2 1 2 2 2 2 2 2 2 
d620 0 0 2 2 2 1 2 1 0 0 1 0 1 0 0 2 0 0 2 0 1 0 1 1 
d621 1 2 0 1 1 2 1 2 1 1 2 1 1 1 1 
d622 1 1 1 1 1 1 0 0 1 1 0 1 1 1 1 
d623 0 0 0 1 2 0 0 0 0 0 2 2 0 0 0 1 1 1 1 1 0 0 0 0 1 0 0 1 1 0 0 0 1 0 0 1 1 1 1 
d624 2 1 2 2 2 2 2 2 2 1 2 
d625 2 2 2 0 1 2 0 2 2 2 1 0 2 2 0 2 0 0 0 1 2 1 1 0 1 2 1 2 2 1 2 0 1 0 0 0 1 0 
d626 2 0 2 2 2 
d627 1 2 0 0 0 0 0 0 0 0 0 0 0 0 2 1 2 0 0 0 0 1 2 0 1 1 0 0 0 1 1 0 1 1 1 0 1 
d628 2 1 0 1 0 2 1 1 1 1 0 0 1 0 0 2 1 0 1 1 1 0 2 1 1 0 0 1 2 1 1 0 2 1 0 2 0 0 0 1 0 1 1 2 1 1 1 0 1 1 1 2 2 
d629 0 2 2 1 1 0 2 1 1 1 0 1 2 2 1 1 1 1 1 2 0 1 2 1 1 1 0 1 1 2 1 0 1 1 0 2 1 1 1 2 1 1 0 2 2 1 1 2 1 0 2 0 1 1 0 2 0 1 2 1 1 0 1 1 1 1 1 1 2 1 1 2 1 2 0 1 0 1 1 1 1 1 0 
d630 1 0 2 0 1 0 0 0 1 0 1 0 1 1 2 0 0 
d631 0 1 1 1 1 0 0 0 1 1 1 0 1 1 1 1 1 0 1 1 0 1 1 1 0 0 1 1 1 1 1 0 1 1 
d632 0 2 0 1 0 2 2 1 2 2 1 
d633 2 2 2 1 1 1 2 2 2 2 2 1 2 2 2 1 1 2 1 1 1 2 
d634 2 2 2 2 2 0 1 2 1 2 2 2 1 2 2 2 2 2 2 2 2 2 2 2 2 2 2 2 1 2 2 
d635 1 0 0 2 2 2 2 1 2 1 1 2 1 0 1 1 1 2 1 0 2 1 1 1 0 1 1 0 2 2 1 0 1 0 2 1 1 1 2 0 2 0 0 1 0 1 2 1 2 1 1 1 1 2 2 1 0 1 1 0 1 1 1 1 1 1 0 1 0 0 1 1 1 1 1 1 0 1 1 1 0 0 2 1 1 1 1 0 1 1 0 1 1 0 1 0 1 1 1 1 1 1 1 0 1 1 0 1 1 2 1 2 
d636 2 1 2 2 2 0 0 2 1 2 0 2 2 1 1 2 1 0 1 0 2 1 
d637 2 2 1 2 0 1 0 2 1 2 1 0 0 1 2 2 1 2 0 2 2 2 1 0 0 1 2 
d638 2 2 2 1 0 1 0 0 1 2 1 1 1 0 1 1 1 2 2 2 0 1 0 2 0 1 2 0 1 0 2 1 0 2 2 1 1 1 1 1 1 
d639 2 1 1 1 1 1 2 1 1 1 1 2 1 1 2 1 1 1 1 1 1 2 1 1 1 1 1 1 1 2 2 1 2 1 1 2 1 1 2 2 2 1 1 1 1 1 1 1 1 1 2 1 2 2 
d640 2 0 1 0 2 0 2 2 0 2 0 2 2 1 2 1 2 2 0 0 0 0 2 
d641 1 2 0 2 0 0 0 1 2 2 1 0 0 0 1 2 1 1 2 2 1 2 2 1 1 0 0 1 2 1 0 1 0 2 1 2 1 1 0 0 1 1 2 2 2 2 2 1 1 1 0 2 0 2 0 1 1 1 0 1 1 1 2 1 2 0 0 0 2 0 2 2 1 1 2 1 1 2 1 0 1 1 2 0 1 1 1 0 2 
d642 1 2 2 1 2 2 1 2 1 2 2 2 2 1 2 1 2 1 1 1 2 1 1 1 2 
d643 2 2 0 1 0 1 2 0 2 1 1 1 1 2 1 0 1 2 1 0 1 2 2 2 0 2 1 1 2 2 2 1 1 1 1 0 0 2 2 2 2 0 1 2 2 2 1 2 1 1 2 1 1 2 
d644 1 2 1 1 2 2 1 2 2 2 2 1 0 1 1 2 2 1 1 1 2 1 1 1 1 1 
d645 2 2 2 1 2 0 0 1 2 1 1 1 1 1 1 1 0 1 2 2 1 1 1 1 2 2 1 1 2 1 1 1 2 1 0 0 1 2 1 1 1 1 1 
d646 2 2 1 1 2 2 2 2 0 
d647 1 0 0 1 1 2 1 2 1 1 0 1 0 1 2 
d648 0 0 0 1 0 2 0 1 1 0 1 0 0 0 0 0 0 1 2 1 1 0 0 1 1 
d649 2 0 0 1 1 0 0 1 1 1 0 
d650 1 2 2 0 2 
d651 2 2 2 2 1 1 1 2 2 2 2 0 2 1 1 1 
d652 0 0 1 1 0 0 1 0 0 1 1 1 
d653 2 1 2 1 1 1 1 1 1 1 1 
d654 2 1 2 1 0 0 1 1 2 1 1 1 1 2 1 
d655 2 0 1 2 1 2 2 1 1 1 1 1 1 2 1 1 1 1 1 
d656 2 2 2 1 1 2 2 2 1 1 1 1 2 1 1 1 2 1 1 1 1 2 2 2 2 1 2 1 1 2 1 1 2 2 1 1 1 2 1 2 1 1 1 1 2 1 1 2 1 1 1 
d657 0 1 1 1 2 1 2 0 1 2 2 2 1 1 2 1 2 2 1 0 2 1 1 2 1 0 0 2 2 1 0 0 1 1 1 0 2 0 2 2 0 2 0 2 1 0 0 1 1 2 2 1 2 1 0 2 0 1 1 2 1 1 0 1 0 1 2 1 0 2 2 0 2 1 2 2 2 1 2 1 0 0 1 0 2 2 2 2 2 2 2 0 2 1 1 0 1 0 1 2 0 0 1 1 1 1 2 1 2 
d658 2 2 2 1 2 2 1 0 2 1 2 0 1 0 0 2 1 2 0 1 2 0 2 2 1 1 1 1 1 2 1 1 2 1 1 1 2 1 1 1 1 2 1 1 1 2 2 1 1 1 1 1 1 1 2 1 2 0 2 2 1 1 2 1 2 1 2 1 1 2 0 2 2 0 2 0 2 1 1 1 2 1 0 1 1 1 2 1 1 1 1 2 1 2 1 1 1 2 1 
d659 2 2 0 2 0 2 2 2 2 2 2 0 2 2 0 2 0 1 2 0 0 2 1 0 2 0 2 0 1 2 2 2 1 2 1 1 1 2 1 
d660 1 0 1 1 0 1 0 0 1 0 1 0 2 0 1 2 0 1 1 0 2 0 0 2 0 0 1 0 1 0 1 1 0 1 1 1 2 1 1 1 1 0 0 1 1 1 0 1 0 1 0 
d661 0 0 0 0 0 0 2 1 1 2 0 2 2 0 0 0 0 0 0 2 0 1 0 2 1 2 0 0 0 0 0 
d662 0 2 0 2 1 1 1 0 2 2 0 2 0 0 1 1 1 0 2 1 2 0 1 1 2 0 1 0 1 1 1 0 1 0 1 2 0 1 1 2 1 0 1 0 1 2 1 1 2 2 1 1 0 1 0 0 0 1 1 0 1 1 0 0 1 1 1 0 0 0 0 1 1 0 1 1 1 2 1 1 
d663 1 2 0 2 2 0 2 0 2 0 1 2 1 1 1 1 1 1 
d664 1 2 1 2 1 2 1 2 1 1 1 1 1 1 1 1 1 2 
d665 2 2 1 1 2 1 2 2 2 2 0 2 0 2 0 1 2 0 2 0 2 2 2 0 0 0 2 0 2 0 0 1 1 1 1 0 0 2 1 1 
d666 1 2 2 1 1 1 2 0 1 1 2 1 2 1 1 2 2 0 2 2 1 1 2 
d667 0 0 0 1 0 1 0 1 0 
d668 2 2 2 1 1 2 2 1 2 2 2 2 2 2 2 1 1 2 2 2 1 1 2 1 2 2 1 1 1 2 
d669 2 1 2 2 1 2 1 1 2 0 2 1 1 2 1 0 1 1 1 2 1 1 2 1 2 1 1 0 1 0 1 2 1 
d670 1 0 0 0 1 1 0 0 1 0 0 0 0 1 0 0 1 0 0 1 1 0 1 0 1 1 
d671 2 2 2 1 2 2 2 1 2 1 2 2 2 1 1 2 2 1 1 1 2 1 1 1 2 1 1 
d672 2 2 2 1 1 1 1 1 
d673 1 1 1 2 1 1 2 2 1 1 1 1 1 
d674 1 2 2 2 2 0 0 0 0 1 1 0 1 1 1 0 0 2 2 2 2 2 1 2 0 1 1 1 2 1 2 1 1 2 1 
d675 2 2 2 1 1 2 2 2 2 1 2 1 
d676 1 1 2 1 1 1 1 1 1 1 
d677 0 1 2 0 0 1 0 0 0 1 1 0 2 1 2 2 2 1 0 1 1 2 1 0 1 0 1 0 1 2 1 0 0 1 2 2 0 0 1 1 0 1 1 0 2 1 1 0 1 0 1 2 1 1 1 1 0 0 2 2 2 1 1 1 2 1 2 1 
d678 2 2 2 2 1 2 1 1 1 1 1 2 2 2 2 1 2 1 2 1 1 1 2 2 
d679 0 0 1 1 1 1 0 1 0 0 0 0 0 0 0 0 0 0 1 1 1 1 1 1 0 0 0 1 0 2 0 1 1 2 1 0 1 0 2 0 1 1 1 1 1 0 1 1 0 0 0 1 1 1 1 1 
d680 0 0 0 2 2 1 1 1 2 0 2 1 2 2 2 0 1 1 1 1 2 
d681 1 1 2 2 2 1 2 2 1 1 2 1 2 2 1 2 2 2 1 2 1 2 2 2 2 1 2 1 2 1 2 1 1 1 1 2 1 2 
d682 0 2 0 0 1 0 2 1 0 2 1 2 0 0 2 0 1 0 1 2 2 0 0 0 2 2 0 1 0 1 0 0 0 0 0 2 1 1 0 2 1 0 1 0 2 2 0 1 1 0 1 0 1 
d683 1 1 2 1 2 1 2 1 1 1 1 1 1 1 1 1 
d684 1 2 2 2 2 1 2 0 2 2 1 0 0 2 1 2 2 2 2 2 1 2 2 2 2 2 0 2 2 1 1 2 2 2 1 2 1 2 2 2 2 0 1 0 1 2 1 1 1 2 1 1 0 1 1 2 0 2 2 1 1 0 1 2 1 0 2 0 1 1 1 1 0 0 1 0 2 1 2 1 0 1 2 1 1 1 2 1 
d685 2 2 2 2 1 1 2 1 2 2 2 1 1 2 1 
d686 1 1 1 1 1 1 1 1 1 1 1 1 1 1 
d687 1 1 1 2 2 2 2 1 1 1 1 2 1 1 1 1 
d688 2 2 2 2 2 1 1 2 2 2 1 1 1 1 1 
d689 2 2 2 0 0 0 2 0 1 
d690 0 2 2 2 2 0 0 1 0 2 2 0 0 1 2 2 1 2 2 2 0 2 1 2 2 1 0 1 1 0 0 1 2 2 1 1 1 
d691 0 2 2 1 0 1 1 1 2 0 1 2 2 1 2 
d692 1 1 1 1 1 1 1 1 
d693 2 1 1 1 1 1 1 1 2 1 1 1 1 1 1 1 1 2 1 1 1 2 1 1 1 1 1 1 1 1 1 
d694 0 0 0 2 0 1 0 1 0 1 0 2 0 0 1 0 0 
d695 1 2 2 1 1 1 2 1 
d696 0 2 1 1 2 0 0 1 0 1 1 1 0 1 
d697 2 2 2 2 2 2 2 2 0 2 2 2 2 2 0 0 2 2 2 2 2 1 2 0 2 0 1 1 2 2 0 1 1 1 1 2 0 2 0 2 0 1 1 2 0 0 0 2 0 1 0 0 1 2 1 1 2 1 
d698 1 0 2 1 2 2 1 1 1 2 1 1 1 1 1 1 1 2 1 2 1 1 1 1 1 1 1 
d699 2 0 2 2 2 1 2 2 2 2 2 0 0 2 1 2 1 2 2 1 0 1 0 2 1 2 1 
d700 0 0 0 0 0 0 0 0 1 0 
d701 0 0 1 2 2 1 0 1 1 1 1 0 1 0 1 1 1 1 1 1 1 1 
d702 1 2 2 2 2 1 2 2 2 2 1 2 2 1 2 1 2 2 1 1 
d703 1 1 1 1 1 1 
d704 2 1 1 0 0 1 0 2 1 1 0 0 1 1 1 1 
d705 1 0 2 2 1 2 2 2 1 0 0 0 2 
d706 1 1 1 1 1 1 1 1 
d707 0 1 1 0 1 0 0 1 1 1 1 0 0 1 
d708 0 0 1 0 1 1 2 2 2 0 1 2 1 1 0 0 1 2 1 2 1 
d709 2 2 2 2 2 2 2 1 2 1 1 1 
d710 1 1 1 1 1 1 1 
d711 0 0 2 1 0 1 0 0 0 1 1 1 1 
d712 0 1 0 0 0 0 0 1 0 1 0 1 0 1 0 1 0 0 1 0 1 1 1 1 1 
d713 2 1 1 2 1 2 2 1 2 1 2 2 2 2 2 1 1 1 2 1 1 1 1 1 
d714 2 2 2 1 0 1 1 2 1 1 1 2 1 1 1 1 0 0 1 1 1 1 1 1 1 1 1 
d715 2 1 0 1 1 1 2 0 0 1 2 0 1 2 1 2 2 1 2 1 1 
d716 1 0 2 2 1 2 1 2 2 2 2 1 2 1 1 2 
d717 2 0 0 0 0 0 1 1 1 1 2 0 
d718 0 0 2 2 1 1 1 2 1 2 2 2 2 0 0 2 0 2 0 0 2 1 0 2 1 1 2 2 1 1 1 1 2 2 2 0 2 1 0 1 1 1 1 2 1 1 2 
d719 2 0 1 2 2 2 1 2 2 0 1 2 1 2 0 1 2 0 0 1 2 2 1 2 1 
d720 1 0 1 2 1 1 2 0 2 1 1 2 2 2 1 1 1 0 2 2 0 2 1 0 1 1 2 2 1 2 0 0 2 1 2 2 2 2 1 1 2 1 1 1 1 0 2 2 1 1 0 2 1 2 1 2 2 2 1 2 1 1 0 1 1 1 2 2 1 0 2 0 1 2 1 2 1 
d721 0 0 0 1 0 0 1 1 1 1 0 1 0 1 1 1 1 1 1 1 1 1 
d722 2 2 2 2 0 2 2 0 0 2 2 2 2 0 
d723 2 2 2 2 2 2 0 1 2 2 1 2 1 2 2 0 2 2 2 2 2 1 2 
d724 2 2 1 1 1 1 1 1 1 1 1 2 1 2 1 1 1 2 2 1 2 2 2 1 1 1 
d725 0 1 0 1 1 1 1 1 
d726 2 2 2 2 2 2 2 0 1 2 0 0 0 2 0 2 0 2 2 0 2 0 1 2 0 2 0 2 2 1 2 2 2 1 2 2 2 0 2 1 0 1 2 1 0 2 1 
d727 0 0 0 1 0 
d728 2 2 2 2 2 1 2 2 1 2 1 1 
d729 1 0 2 2 2 2 0 2 0 2 1 2 2 0 1 1 2 1 
d730 0 1 2 2 1 2 1 2 1 1 0 1 0 2 2 1 2 1 1 2 2 
d731 1 1 2 0 2 2 2 1 2 1 1 2 1 2 1 1 1 
d732 1 0 1 0 2 0 1 0 1 1 0 0 0 1 1 1 0 1 1 0 0 0 0 1 0 
d733 1 1 0 1 0 0 0 1 0 1 1 0 2 0 0 1 1 1 1 0 2 0 2 1 1 0 2 1 1 1 1 1 1 0 1 0 1 0 1 1 0 0 1 0 1 0 2 1 1 0 1 1 0 1 1 2 1 1 0 1 0 0 1 2 2 0 1 1 1 1 0 2 1 2 1 1 1 0 1 1 1 1 1 1 1 
d734 2 0 2 2 2 2 1 0 2 1 1 0 1 0 1 0 2 0 2 2 1 2 2 1 2 0 2 0 2 1 1 1 0 0 1 0 2 2 2 0 0 0 0 1 2 2 2 1 0 1 2 0 2 2 1 1 0 2 1 2 0 1 2 2 1 1 1 0 2 0 2 0 1 1 0 2 1 1 0 0 2 0 1 1 0 1 0 0 2 0 0 1 0 2 1 1 0 0 1 2 2 0 1 1 1 1 1 1 0 2 1 1 0 1 2 1 2 0 0 0 2 0 1 1 0 0 1 0 2 0 2 1 2 1 0 0 1 0 1 0 0 1 0 0 1 1 1 1 1 1 
d735 1 1 1 2 2 2 1 2 2 2 1 1 
d736 1 2 0 0 1 1 0 0 1 1 1 0 0 0 1 1 2 0 1 0 0 1 1 0 0 0 2 0 1 0 0 0 0 2 0 0 0 1 1 1 2 1 0 2 0 2 1 0 0 0 1 0 0 0 1 0 0 0 0 0 0 1 0 2 0 0 0 0 0 1 1 0 2 1 1 1 2 
d737 1 2 2 2 1 2 2 1 1 0 2 1 1 2 2 2 1 2 2 1 1 1 1 2 1 2 1 1 0 2 0 1 2 0 0 2 1 2 1 1 0 1 1 2 1 0 2 1 2 0 1 0 0 0 2 1 2 2 1 2 2 1 1 1 1 2 2 1 1 0 2 1 1 2 1 1 1 1 0 2 1 2 1 1 1 0 1 1 0 2 2 2 1 2 2 1 2 1 2 2 2 2 0 2 0 2 1 2 2 2 2 2 0 2 1 1 1 1 1 1 1 1 1 1 1 1 1 2 1 2 1 1 2 
d738 2 2 1 2 2 2 1 2 2 1 2 1 1 2 1 2 1 2 0 2 2 0 1 1 1 0 1 2 0 2 0 2 2 1 1 1 1 2 2 1 1 1 1 0 1 2 1 0 1 1 2 0 2 0 1 1 1 0 1 1 1 2 1 1 1 1 1 1 2 1 2 1 1 0 0 0 0 2 1 2 2 0 2 2 0 1 0 0 2 0 1 1 2 0 1 1 1 2 0 0 0 1 1 1 1 1 1 1 0 1 1 1 1 1 1 2 1 
d739 2 2 2 1 1 1 1 1 1 2 1 1 2 1 1 2 2 2 1 1 2 0 2 1 2 2 0 2 2 1 2 2 
d740 1 2 1 1 2 2 2 1 2 2 1 1 0 1 2 2 2 1 1 1 1 1 1 2 2 1 2 2 1 2 1 2 2 1 2 2 
d741 0 2 1 2 1 0 0 1 2 
d742 2 2 2 1 2 2 2 1 2 2 1 2 2 1 1 2 1 2 2 1 1 1 
d743 1 1 1 0 1 1 2 2 2 1 2 1 1 1 1 
d744 1 0 0 0 2 2 1 2 2 1 0 0 0 2 2 1 1 2 1 0 1 1 2 2 2 1 2 1 0 2 0 0 2 1 1 1 1 1 1 
d745 0 0 1 2 0 0 0 0 1 2 0 0 0 1 1 1 1 1 2 2 2 1 0 1 1 0 0 0 0 0 2 2 1 1 2 0 1 0 2 0 1 0 0 1 1 1 0 1 1 0 1 1 1 1 1 1 
d746 0 0 0 1 1 1 1 1 1 1 1 0 0 1 0 0 1 1 0 1 0 1 0 
d747 2 2 1 1 1 1 2 1 1 1 1 2 0 1 2 1 1 2 1 2 1 1 2 1 1 1 
d748 1 1 0 0 2 0 1 1 1 2 1 2 0 2 0 0 2 1 1 2 2 1 1 2 1 0 1 2 1 1 1 2 2 1 1 1 1 1 1 1 0 2 1 2 1 1 0 1 2 2 1 0 1 1 0 1 
d749 0 0 1 0 2 1 1 2 0 2 0 0 2 1 1 2 1 1 2 1 1 0 1 2 1 0 0 1 2 1 0 1 2 1 1 0 2 2 0 2 0 2 2 0 2 0 1 0 0 1 2 2 0 1 1 1 1 2 2 0 0 1 1 2 0 1 2 2 1 1 0 1 1 1 2 0 2 2 2 2 1 0 2 2 1 0 1 1 0 0 1 2 1 0 2 0 2 2 1 2 2 2 1 1 2 0 1 1 2 1 1 0 2 1 1 0 2 1 1 2 1 2 1 0 2 2 0 2 0 1 2 0 1 1 1 1 1 2 0 2 1 2 1 1 1 0 0 1 1 2 2 1 0 0 1 2 1 0 1 2 1 0 2 1 1 0 2 1 0 2 1 1 1 1 0 1 0 1 1 0 1 2 2 1 0 1 1 1 1 2 0 2 1 2 2 1 2 1 2 0 2 1 2 1 1 2 1 1 1 1 1 0 2 0 1 1 1 1 1 1 1 1 1 1 1 1 0 1 2 1 1 0 1 2 1 1 1 1 2 2 
d750 0 2 2 1 1 2 2 1 2 2 1 1 2 2 1 1 1 1 2 2 2 1 1 2 1 
d751 2 2 0 2 2 0 0 0 0 2 2 1 1 1 2 2 0 0 0 2 0 1 2 2 2 2 2 
d752 1 1 1 1 2 2 0 1 0 1 2 1 1 0 2 2 0 1 1 1 1 2 1 1 2 1 1 1 1 0 1 1 1 0 0 1 0 2 1 1 1 1 1 
d753 2 2 1 1 2 1 1 2 2 2 2 2 1 1 1 1 1 2 2 0 1 2 1 2 1 1 2 1 1 0 0 0 
d754 2 2 1 1 0 2 0 1 2 1 2 2 0 2 0 0 0 2 0 0 0 0 0 0 0 
d755 1 1 2 2 2 1 2 2 1 1 2 2 1 1 1 1 1 1 1 2 1 2 1 1 2 2 1 1 1 1 2 1 1 1 1 1 1 1 1 
d756 1 0 2 1 0 2 0 1 2 0 1 2 1 2 1 1 1 1 1 2 1 1 1 1 1 1 1 1 1 2 1 1 1 0 1 1 1 1 1 2 1 1 1 1 
d757 1 2 2 0 0 1 1 2 2 1 2 1 0 1 1 2 2 1 2 2 2 1 2 0 0 2 1 1 1 0 2 1 2 2 1 1 1 1 1 1 1 2 1 2 1 1 2 1 1 0 1 2 2 1 1 2 2 1 1 2 2 2 2 2 2 1 1 0 2 2 2 1 0 1 1 1 1 2 1 1 2 1 1 1 1 1 
d758 2 0 0 2 2 0 2 1 0 1 1 1 2 0 0 1 2 2 1 1 1 2 1 1 2 1 0 0 1 1 1 2 0 1 0 1 1 2 1 2 0 0 0 1 2 1 1 1 1 1 2 1 0 0 1 1 1 1 1 0 1 1 0 2 1 0 1 0 0 2 1 1 1 1 1 1 0 1 
d759 2 2 1 0 2 2 1 1 0 2 0 1 0 2 0 1 1 1 0 1 1 1 1 1 1 1 0 1 1 1 1 1 1 0 2 2 1 1 2 1 2 1 1 0 1 0 1 1 1 1 1 2 1 1 1 1 1 
d760 2 1 0 2 0 1 2 2 0 1 0 2 1 1 1 2 1 2 2 2 1 2 2 1 1 1 2 2 0 1 2 2 
d761 2 1 2 0 2 1 2 2 0 2 2 2 2 1 2 1 2 2 2 1 0 1 2 2 1 2 1 1 1 2 1 1 1 1 1 2 1 1 2 1 
d762 1 1 0 2 0 1 1 1 1 1 1 2 2 2 1 
d763 1 1 2 2 2 2 1 2 1 2 2 2 2 1 2 1 1 2 2 2 2 2 1 1 2 1 2 2 2 2 2 2 2 2 1 1 2 2 2 1 1 2 2 
d764 2 2 2 0 2 0 2 2 2 2 1 0 1 1 2 0 2 2 0 0 2 2 2 2 2 0 1 2 1 2 0 2 1 1 2 1 2 0 0 0 1 1 1 2 1 2 2 2 2 0 2 1 0 2 2 1 2 2 1 0 0 2 1 2 2 1 1 2 1 0 
d765 0 1 0 1 0 1 0 1 0 1 1 1 1 0 1 1 1 2 1 2 2 1 0 0 1 1 2 1 0 1 0 0 1 0 0 
d766 0 0 1 1 0 2 0 0 2 2 1 0 1 0 1 1 1 0 2 0 1 0 1 1 0 1 1 1 1 1 1 0 1 0 1 0 0 0 1 2 1 0 1 0 1 2 0 0 1 1 0 0 1 1 1 0 1 1 1 1 2 1 1 1 1 1 0 1 1 1 1 1 
d767 0 2 0 0 2 2 2 1 1 2 2 0 2 1 1 1 2 2 2 0 1 0 0 1 2 1 1 1 0 0 0 2 1 0 1 2 0 0 1 2 2 1 2 1 2 2 2 1 1 1 0 1 2 2 2 2 1 2 1 2 1 1 2 0 0 2 0 1 2 1 1 1 1 0 1 1 1 1 1 1 0 1 1 0 1 
d768 1 1 0 1 2 1 0 0 1 1 1 1 0 0 2 1 2 1 0 2 0 0 2 1 1 2 2 0 2 0 1 1 2 0 1 0 2 1 1 
d769 1 1 2 1 2 1 1 1 1 1 2 1 2 1 1 2 1 1 1 
d770 2 2 2 2 0 0 0 0 1 2 1 2 0 1 1 0 0 2 1 0 1 1 1 1 1 1 0 1 0 1 0 1 1 0 2 1 1 0 0 0 1 0 2 1 
d771 2 2 2 2 2 2 1 2 2 1 2 2 1 2 2 2 2 2 2 1 2 0 2 1 2 2 2 2 
d772 2 1 0 1 2 2 1 1 1 1 2 2 2 1 1 2 1 1 1 
d773 1 2 2 1 2 2 2 2 1 2 1 1 1 1 2 2 1 1 2 2 2 1 2 1 2 1 1 1 1 1 2 1 2 1 1 1 1 1 1 1 2 1 
d774 2 2 2 2 0 0 2 1 2 2 0 1 1 1 
d775 1 2 2 1 1 2 1 2 1 2 1 1 2 2 2 2 2 2 2 2 2 1 2 2 1 2 1 2 2 
d776 2 2 1 1 1 2 
d777 2 1 1 1 1 1 
d778 2 2 1 1 0 0 2 0 1 0 1 1 1 1 2 1 
d779 0 0 0 0 1 1 0 1 0 0 1 0 0 1 1 1 1 1 
d780 0 1 2 0 1 2 1 2 2 0 0 1 2 1 1 1 1 0 1 1 1 0 1 1 0 0 
d781 1 1 1 1 1 
d782 2 2 0 2 2 1 0 1 2 0 0 1 0 0 1 1 1 
d783 1 2 1 2 2 2 2 0 2 2 1 2 1 2 1 2 2 1 2 1 1 2 
d784 0 2 2 0 2 2 0 2 2 1 2 0 2 0 1 0 
d785 2 1 1 2 2 1 2 2 2 1 2 1 2 2 2 2 2 2 2 2 1 1 2 2 1 1 1 1 2 2 
d786 1 2 2 2 2 2 1 1 0 1 1 
d787 1 0 1 1 1 1 0 0 0 1 0 0 1 1 0 1 1 2 1 1 0 1 1 0 1 1 0 
d788 1 0 0 1 2 1 0 1 0 0 2 1 1 
d789 1 0 0 0 0 0 0 0 1 1 0 0 1 1 1 1 1 0 1 0 
d790 1 1 2 2 2 2 2 2 1 2 1 2 1 2 2 1 1 2 2 2 1 2 2 1 1 
d791 2 0 0 2 0 2 0 1 1 2 1 2 2 2 1 0 0 0 1 0 0 
d792 2 1 1 1 1 1 1 2 1 1 1 
d793 1 0 1 1 0 1 1 1 1 0 0 0 1 1 0 1 1 0 1 1 0 
d794 0 2 2 1 0 1 0 0 2 1 0 0 2 0 2 0 0 0 2 0 0 0 0 1 2 2 
d795 1 1 2 2 2 1 1 0 1 1 2 2 2 1 0 1 1 2 2 2 1 1 0 2 1 0 1 2 2 1 2 1 1 1 1 0 1 1 2 1 1 2 1 1 1 1 1 2 
d796 2 2 2 1 1 1 1 1 0 1 1 1 2 2 2 1 1 2 2 1 2 2 
d797 2 2 0 2 2 2 2 2 2 2 2 2 1 1 2 2 2 1 2 2 0 1 2 1 1 1 
d798 1 1 2 1 1 1 1 1 1 0 0 0 1 1 0 1 2 1 1 1 0 1 1 1 0 1 1 0 
d799 1 1 1 2 0 2 0 0 0 1 2 1 1 0 2 1 2 2 2 1 1 1 1 1 1 2 1 0 0 
d800 2 2 1 2 0 1 2 1 0 0 2 2 1 1 1 0 1 1 1 2 2 1 2 1 0 1 2 2 1 2 2 2 1 1 2 0 0 2 2 1 0 2 2 0 1 0 0 1 1 1 1 0 1 1 0 
d801 2 2 1 2 2 2 1 2 2 2 1 2 
d802 1 1 0 1 1 0 1 1 0 1 1 0 1 1 1 0 1 1 1 0 1 0 0 0 1 1 1 0 0 1 1 
d803 0 2 2 2 0 2 2 1 2 2 2 2 0 0 0 2 2 0 0 0 0 2 2 2 1 0 0 0 0 0 1 0 2 1 2 0 1 0 
d804 1 1 0 1 2 2 1 1 1 2 2 2 2 2 1 2 2 2 1 2 0 1 1 1 2 
d805 0 0 1 2 1 0 0 2 0 0 1 1 
d806 1 1 1 1 1 1 
d807 0 2 2 1 0 2 2 2 1 1 2 2 0 2 2 0 0 0 2 1 0 1 1 1 
d808 2 1 2 2 1 1 1 1 
d809 0 0 1 1 1 1 1 1 0 1 0 1 1 
d810 1 1 1 1 1 1 1 2 1 2 1 2 1 2 1 1 1 1 
d811 0 0 2 2 1 2 0 0 2 1 0 0 2 2 0 1 2 0 0 0 0 2 2 1 0 0 1 1 0 0 0 0 2 1 0 0 2 0 1 2 
d812 0 0 0 0 0 1 0 0 1 0 
d813 1 2 1 1 2 1 2 2 2 2 2 2 1 1 1 1 1 2 2 2 2 2 1 1 2 1 2 2 2 1 1 1 1 2 1 1 2 1 2 1 1 1 1 1 1 1 1 2 1 1 2 1 2 1 2 1 
d814 0 2 2 0 2 0 2 2 1 1 1 0 1 2 1 0 1 0 0 2 0 0 1 2 1 0 1 1 1 1 2 0 1 0 2 1 1 1 1 0 0 2 0 2 2 2 1 0 1 
d815 1 2 2 1 1 2 2 1 0 0 0 1 0 0 2 1 2 2 0 2 1 2 2 2 2 1 1 1 0 0 2 1 1 1 0 1 2 1 0 1 1 0 2 1 0 1 2 1 0 2 1 2 1 0 2 0 1 2 1 0 1 1 2 1 0 1 1 1 1 0 
d816 1 1 0 1 1 1 1 1 1 
d817 0 0 1 0 1 0 1 0 0 0 0 0 
d818 0 0 0 0 0 0 1 1 1 1 0 
d819 0 1 1 1 1 0 0 0 2 0 1 1 0 0 0 0 1 0 1 0 0 
d820 2 2 2 1 0 2 1 2 1 1 2 2 1 1 2 2 1 2 1 2 1 1 2 2 2 2 1 1 2 1 1 2 1 1 2 1 
d821 2 2 1 2 2 1 1 1 2 1 2 1 1 1 1 1 1 1 
d822 2 1 2 1 2 2 0 1 1 0 1 2 1 0 1 
d823 1 0 1 1 1 1 0 0 0 1 1 1 0 0 1 1 0 1 1 1 0 0 1 1 0 1 
d824 2 2 2 2 2 2 2 2 2 
d825 2 0 2 2 0 2 1 1 1 2 
d826 0 2 1 2 2 0 2 2 0 0 1 1 1 2 1 
d827 2 1 2 2 2 1 1 0 2 2 2 0 0 1 0 2 2 1 2 1 0 2 2 1 1 0 1 1 2 1 2 2 2 0 1 1 1 2 1 1 1 1 
d828 2 1 1 1 1 0 2 0 2 0 2 0 2 2 2 2 1 0 0 1 2 2 1 2 2 1 2 2 2 0 0 1 1 2 2 1 0 1 2 1 2 1 
d829 1 2 2 2 1 1 2 2 1 1 2 1 1 1 2 0 2 2 1 2 2 1 1 2 2 1 1 1 1 2 1 1 1 2 1 2 2 2 1 2 2 1 2 2 1 2 1 1 2 1 1 2 2 
d830 1 2 2 2 2 0 2 2 1 2 2 2 2 0 2 1 1 2 0 1 0 1 1 2 0 1 2 1 1 1 2 1 1 1 1 1 1 1 0 2 1 0 1 2 1 1 1 1 1 1 2 
d831 1 2 1 1 2 1 
d832 2 2 1 2 2 1 1 1 1 1 1 1 
d833 2 2 2 2 2 1 2 2 1 2 2 1 2 2 1 1 2 1 2 1 2 2 1 1 1 2 1 1 2 2 1 2 1 2 2 0 0 1 2 2 1 2 2 2 2 1 2 1 1 0 2 2 2 2 2 2 2 2 2 2 1 1 1 2 2 1 0 2 0 1 1 2 2 
d834 1 2 0 1 1 2 1 2 0 2 2 2 2 2 1 2 1 1 1 1 1 2 1 0 1 2 0 1 2 1 2 1 1 1 0 1 0 2 0 2 0 2 1 1 1 0 0 1 0 1 1 1 0 1 1 1 2 
d835 1 0 1 2 2 1 1 1 2 2 1 1 2 1 2 2 0 2 1 0 1 1 2 1 1 1 2 2 2 2 2 1 1 1 2 1 1 1 2 1 1 2 1 2 1 1 0 1 1 1 1 2 1 1 2 1 2 1 2 1 1 2 2 1 2 1 1 1 1 0 2 1 2 1 2 2 1 1 1 1 1 1 1 2 1 1 1 1 1 1 
d836 1 2 1 1 1 1 1 2 0 1 1 1 1 2 2 1 0 1 2 0 1 1 1 1 0 1 0 0 1 2 0 0 1 2 0 0 1 1 0 0 1 1 2 2 2 0 0 2 1 2 0 0 0 1 0 0 1 1 1 0 0 1 2 1 1 1 1 1 0 
d837 1 2 1 2 0 1 1 2 1 
d838 1 1 1 0 1 0 1 1 0 1 0 0 0 1 1 1 
d839 2 1 1 1 1 2 1 2 1 1 1 2 2 1 2 1 1 1 1 2 1 1 1 2 2 1 1 1 
d840 2 1 2 2 0 1 1 0 1 2 0 1 1 1 0 1 2 2 1 2 1 2 2 1 2 0 1 1 0 1 1 0 
d841 0 2 2 1 2 2 2 1 1 2 1 2 2 1 2 2 1 1 2 2 1 2 1 2 1 1 1 1 2 1 2 1 1 2 2 1 1 0 2 2 2 1 1 1 1 1 2 
d842 0 1 2 0 0 2 1 1 2 2 2 0 1 1 0 1 1 1 0 1 2 2 1 1 1 2 1 2 1 0 0 0 1 2 1 1 1 1 1 2 1 0 1 2 
d843 2 2 2 2 1 1 1 1 1 1 2 1 1 
d844 0 1 0 2 1 0 2 0 1 0 1 1 1 0 0 2 2 2 1 2 1 
d845 1 1 2 1 1 2 1 1 1 1 1 
d846 1 1 2 1 2 2 1 1 1 2 
d847 1 1 0 1 1 1 1 
d848 1 0 0 2 2 1 1 2 1 1 1 2 0 0 1 2 1 1 2 1 1 0 2 1 1 1 1 0 1 1 
d849 1 0 2 1 2 1 1 1 0 0 0 1 1 0 1 
d850 1 1 1 1 0 0 0 0 1 1 1 0 0 1 1 1 1 1 
d851 1 0 1 1 1 1 1 1 1 1 0 1 1 1 1 
d852 2 1 1 2 1 1 2 1 2 1 2 1 1 1 2 2 2 1 1 2 1 2 1 1 1 
d853 1 1 1 1 1 1 1 2 2 1 1 2 1 1 1 1 
d854 2 0 0 0 0 2 2 0 2 0 1 2 2 0 2 1 0 0 0 0 2 1 0 2 0 1 0 2 2 0 1 2 1 0 1 1 1 0 1 1 2 1 2 1 1 1 2 0 0 0 0 2 0 0 1 1 1 1 1 0 1 0 1 2 1 0 0 0 2 0 1 2 1 2 0 0 2 0 0 2 2 2 1 1 0 1 1 0 1 0 1 1 0 1 1 0 0 0 0 1 2 1 1 2 0 0 1 1 1 1 0 1 0 1 2 2 2 1 1 0 2 1 1 2 0 2 0 1 2 1 2 0 2 1 0 2 0 1 2 1 2 2 0 1 0 2 1 1 0 0 1 0 2 1 1 0 1 2 1 1 1 0 2 
d855 0 2 1 1 0 0 2 1 0 1 2 2 2 0 2 2 0 1 2 0 1 1 0 1 2 1 0 1 1 2 0 1 1 1 1 1 0 1 1 1 0 1 1 0 1 1 0 1 1 1 1 0 0 1 0 1 2 1 1 1 1 0 2 2 0 1 1 2 1 1 1 2 1 1 1 1 0 0 1 1 2 1 1 2 1 
d856 1 0 2 1 1 0 0 2 0 1 1 0 2 1 0 0 0 2 1 0 1 2 2 2 1 1 1 1 2 1 1 1 0 1 1 1 0 2 2 2 2 0 0 1 2 0 1 1 1 1 0 0 0 1 1 2 2 2 1 0 0 1 2 1 2 2 1 1 1 1 2 1 1 1 0 0 1 1 1 0 1 1 1 0 1 0 0 1 2 1 0 0 2 1 2 0 2 1 0 1 0 1 1 1 2 1 2 1 2 0 2 0 1 2 1 
d857 2 1 0 2 0 1 0 1 2 1 1 0 1 1 1 1 1 0 2 0 1 1 2 1 1 1 0 0 1 0 1 1 1 0 1 1 1 2 1 1 2 2 1 1 0 1 1 1 2 2 1 1 1 0 1 0 0 1 2 
d858 2 2 2 0 1 0 2 2 0 2 2 1 0 2 1 1 2 0 1 0 0 2 1 2 0 2 1 2 0 1 0 1 1 2 2 2 2 2 1 1 1 0 1 1 1 1 0 2 1 2 0 0 1 2 2 1 1 2 1 1 2 2 1 0 1 0 1 1 2 2 1 2 1 2 2 2 1 0 1 0 2 0 2 0 2 0 1 1 2 1 2 2 1 1 1 1 2 2 2 1 2 0 1 1 1 2 2 2 2 1 1 2 2 0 1 1 2 1 1 1 2 2 2 1 2 1 2 2 2 1 2 2 1 2 2 1 1 2 0 1 2 1 1 1 0 2 1 2 1 2 2 1 2 1 2 2 1 2 2 1 2 0 2 2 2 2 0 0 1 0 2 1 2 1 1 2 1 1 1 1 0 1 1 1 2 1 1 1 1 1 2 1 1 2 
d859 2 1 0 1 1 1 2 1 1 1 1 1 1 1 0 0 1 1 0 0 1 2 1 0 1 1 1 1 1 1 2 1 1 1 0 0 1 1 1 1 2 1 2 1 1 2 
d860 0 1 0 0 1 2 2 0 0 1 2 2 1 0 1 2 0 0 1 2 0 2 1 0 2 1 0 2 1 1 1 2 0 2 2 1 0 0 1 0 0 1 0 0 2 1 1 1 1 
d861 1 2 0 1 2 1 1 1 0 1 1 1 1 1 1 1 1 1 1 1 0 0 1 1 1 2 0 0 1 0 1 2 0 1 1 1 1 2 1 1 1 1 1 2 0 2 2 1 2 1 1 1 1 0 1 1 1 0 1 2 1 
d862 0 0 1 1 1 0 0 1 1 1 1 1 1 1 1 1 1 0 1 1 0 1 2 1 2 1 2 0 1 1 1 0 1 1 1 1 1 1 0 1 1 1 1 1 1 1 1 1 1 1 2 1 0 1 1 0 1 1 1 1 1 1 1 1 1 1 1 0 1 1 0 1 1 1 0 0 1 0 1 1 1 1 1 1 1 1 1 1 1 1 
d863 1 1 0 0 0 1 0 0 0 0 0 0 0 0 0 
d864 0 1 1 1 1 1 1 0 1 1 0 0 1 1 0 1 1 1 1 
d865 2 2 2 0 2 2 1 1 1 2 2 2 1 1 1 1 2 2 2 2 2 2 1 1 2 1 2 1 1 2 1 2 2 
d866 2 0 2 2 2 1 1 2 2 2 1 0 2 1 1 1 2 1 2 1 1 1 1 1 1 1 1 0 1 1 1 1 
d867 0 2 0 2 0 1 1 1 0 0 0 1 0 1 1 0 0 1 1 1 0 0 0 0 1 0 0 1 1 0 0 0 1 0 0 1 1 1 1 0 1 1 1 0 0 2 1 1 0 0 0 0 1 0 0 0 1 1 1 1 1 1 1 1 1 
d868 1 1 1 0 1 1 2 0 1 2 1 1 2 0 1 0 2 1 0 1 1 0 
d869 1 1 1 1 1 0 1 1 1 1 
d870 1 0 1 0 1 1 2 0 1 1 1 1 0 1 0 1 1 1 1 1 1 1 2 1 1 0 1 1 2 0 1 1 1 0 0 1 0 0 1 2 1 2 1 0 1 0 1 1 1 1 0 1 1 0 0 
d871 0 1 0 0 0 1 1 1 0 1 2 0 0 1 0 1 0 0 1 0 0 1 1 1 1 0 1 1 0 1 2 1 1 1 0 1 1 0 0 0 2 2 1 0 1 0 0 1 0 
d872 0 2 1 0 0 2 0 0 1 2 0 0 2 0 2 2 1 0 1 1 1 1 1 2 2 0 2 0 1 2 0 0 0 0 1 2 2 1 1 2 0 2 2 0 1 2 2 1 1 2 0 0 2 1 2 1 1 2 1 0 2 0 0 0 2 1 2 1 1 0 1 0 0 2 2 0 0 1 1 0 2 0 0 1 0 1 2 1 0 1 0 0 2 0 2 1 0 1 1 0 1 1 1 1 1 1 2 0 1 2 0 1 1 1 1 
d873 1 1 1 1 0 1 1 1 1 1 1 1 2 1 1 1 1 1 1 1 
d874 1 2 0 0 0 0 2 0 1 0 2 2 2 0 0 1 2 
d875 1 2 1 1 1 2 1 1 1 1 
d876 1 1 1 1 1 1 1 1 1 1 1 1 1 1 
d877 0 2 1 1 2 0 0 0 0 0 1 0 0 1 1 1 2 0 0 0 0 0 1 1 2 1 2 1 1 0 1 1 0 1 0 0 1 1 1 1 1 1 1 0 1 2 1 1 0 0 0 1 2 2 1 1 1 1 0 1 1 1 1 1 1 1 
d878 0 1 1 1 1 1 1 1 1 1 1 
d879 0 1 2 2 1 2 2 1 1 0 0 2 2 0 1 2 1 2 0 0 1 1 2 1 2 1 2 2 2 0 1 0 0 2 1 1 2 
d880 2 1 1 1 2 1 1 1 1 1 0 1 1 1 1 0 1 
d881 0 0 1 0 2 2 2 0 1 1 1 2 2 1 1 1 1 2 1 2 2 2 1 0 1 1 1 1 1 2 2 2 1 2 1 2 1 1 1 1 
d882 0 0 0 1 1 1 1 0 
d883 2 1 2 2 1 1 1 1 1 2 1 2 1 1 2 2 2 2 2 2 2 1 1 1 2 2 2 1 2 1 2 1 2 2 1 1 1 2 2 0 1 1 2 1 1 1 2 1 1 1 1 1 2 1 2 2 2 2 1 1 2 1 0 2 2 2 2 1 2 2 1 0 2 1 2 2 2 2 1 1 1 1 0 1 2 1 1 1 2 2 
d884 2 2 1 1 0 1 1 1 1 0 0 1 0 0 0 1 0 0 1 0 1 1 0 0 1 1 0 2 0 2 1 0 1 0 1 1 1 1 
d885 1 1 0 1 0 1 0 
d886 0 0 1 0 0 0 0 
d887 1 1 2 1 2 1 1 1 1 1 1 1 1 1 1 2 1 1 1 1 1 1 1 1 2 1 0 1 1 1 0 1 1 2 1 1 1 1 2 1 1 1 1 1 0 1 1 1 1 
d888 1 1 1 1 1 1 1 1 1 1 
d889 0 1 1 1 1 0 0 1 1 1 1 2 1 2 0 1 1 1 1 1 1 1 0 1 1 0 2 1 1 0 1 1 0 1 1 1 1 1 
d890 1 1 0 1 1 1 0 1 1 1 1 2 1 1 1 1 1 1 1 
d891 2 1 1 2 2 1 0 0 1 1 2 1 1 2 1 1 1 1 0 1 1 
d892 2 0 1 2 0 1 1 1 2 2 1 0 0 1 0 1 2 2 1 0 0 1 0 2 1 2 1 2 0 1 2 1 0 0 0 0 1 2 0 1 1 1 1 2 1 2 1 1 2 1 1 
d893 0 1 2 0 2 2 2 0 2 2 1 2 0 0 2 2 0 2 2 2 1 1 1 0 2 0 2 2 2 0 2 0 0 2 2 2 
d894 1 0 1 1 2 2 1 2 1 1 1 1 2 0 1 1 2 1 1 1 2 1 1 2 0 1 1 1 1 1 2 0 1 1 1 2 1 1 1 2 0 2 1 
d895 1 2 1 1 1 1 1 1 1 1 1 
d896 1 0 2 1 1 0 1 2 1 1 1 1 0 1 1 
d897 0 0 2 1 1 1 1 0 2 1 1 0 1 0 0 0 0 2 2 0 1 2 2 2 0 0 1 1 1 0 0 1 0 0 1 1 1 0 1 0 0 1 0 1 2 1 1 1 1 0 1 1 1 1 0 
d898 1 2 2 1 1 1 1 
d899 2 2 1 1 1 2 1 1 1 1 1 1 1 
d900 1 1 2 1 2 1 1 1 1 
d901 1 2 1 1 1 1 
d902 2 0 0 0 1 1 1 1 0 0 
d903 2 1 1 2 1 0 2 0 1 0 1 1 1 1 2 1 1 1 0 0 1 1 1 2 1 2 1 2 1 1 2 1 1 0 1 2 1 2 1 1 1 0 1 1 1 0 1 1 0 1 
d904 1 2 0 2 2 1 1 2 1 1 1 
d905 2 2 2 2 2 2 2 1 2 2 1 2 2 2 1 1 0 2 2 2 2 2 1 1 2 1 2 1 1 1 1 1 1 1 
d906 2 2 2 0 1 0 1 2 2 1 2 1 1 1 1 2 1 0 2 1 2 0 2 0 0 1 1 0 2 2 0 1 2 1 1 1 2 1 0 0 1 2 1 2 1 1 1 0 0 1 2 1 1 2 1 1 0 2 1 2 1 2 1 2 1 1 2 0 2 2 0 1 1 0 2 2 2 1 2 1 1 0 1 0 0 1 1 1 1 1 2 0 0 1 2 1 1 1 1 0 1 1 1 2 2 
d907 1 2 1 0 2 0 2 0 0 1 0 0 2 1 0 2 2 2 0 0 0 1 1 1 1 1 1 
d908 1 1 1 1 1 1 1 1 1 1 
d909 0 0 2 2 1 0 1 
d910 0 2 2 2 2 2 2 2 2 2 2 0 0 2 2 2 1 2 2 2 2 2 0 
d911 1 2 2 2 1 2 2 2 1 2 2 2 2 2 1 2 2 2 1 2 2 2 1 2 1 2 1 2 2 2 2 2 1 2 
d912 1 2 2 2 2 2 1 1 2 0 2 0 2 0 2 2 2 1 2 1 
d913 0 2 2 2 2 2 1 0 0 
d914 2 0 2 0 1 2 1 2 2 2 2 2 2 
d915 0 0 0 0 2 0 2 2 0 2 1 2 2 0 1 0 2 0 0 0 2 2 0 0 2 0 1 1 0 0 2 1 1 2 0 
d916 2 0 0 2 2 0 0 1 2 0 2 1 0 2 2 1 2 2 2 0 0 2 1 1 1 1 1 
d917 2 2 2 1 2 2 1 1 2 1 1 1 1 2 2 1 2 1 1 1 1 1 1 2 2 1 1 1 1 
d918 1 1 2 1 1 1 1 1 
d919 0 0 0 0 1 0 1 0 1 1 1 0 0 0 1 1 
d920 2 2 2 1 2 2 1 0 1 1 1 1 1 2 2 2 1 2 1 1 1 1 1 1 2 1 
d921 0 0 1 2 2 0 2 2 2 2 0 0 2 1 2 2 2 1 2 2 2 2 2 2 1 2 1 2 1 2 
d922 2 0 2 2 1 1 2 1 1 2 2 1 2 1 0 0 2 1 1 2 1 
d923 2 2 2 2 0 0 2 2 2 2 
d924 2 2 2 1 0 0 0 2 
d925 0 1 0 1 2 1 0 1 1 
d926 0 0 1 2 2 0 0 0 2 2 1 0 0 2 
d927 0 0 2 2 1 0 0 0 0 0 0 0 0 0 0 
d928 1 0 1 2 1 1 1 0 0 2 0 1 1 0 1 
d929 2 1 2 2 0 2 2 
d930 1 1 1 2 1 0 1 0 0 0 0 1 2 1 0 0 0 0 1 1 1 0 1 1 0 1 0 0 1 1 1 
d931 1 1 1 0 2 1 1 1 
d932 2 1 2 2 1 1 2 1 2 2 1 1 1 1 
d933 0 1 1 2 1 1 1 0 1 0 2 2 1 2 2 2 1 2 2 1 0 0 1 1 1 1 1 1 
d934 1 2 0 0 2 2 0 1 1 2 1 1 1 1 1 1 1 
d935 1 0 0 2 0 0 0 2 1 0 0 2 
d936 1 2 2 2 1 2 2 0 0 1 2 0 1 0 2 0 0 0 1 2 1 0 1 0 0 
d937 0 1 0 0 0 0 0 0 0 0 0 1 1 0 1 1 0 0 0 
d938 0 1 0 1 1 1 0 0 0 0 0 1 1 1 1 1 1 1 0 
d939 2 2 2 1 2 0 0 0 0 2 2 2 2 0 1 
d940 1 2 2 1 1 2 2 1 1 1 2 2 0 2 1 1 1 
d941 2 2 1 2 2 1 1 0 1 1 1 1 1 1 
d942 2 0 0 0 0 1 1 0 1 1 1 2 1 0 2 1 2 2 1 0 1 1 1 2 0 2 0 0 0 0 1 2 0 1 1 1 1 0 1 0 0 
d943 1 0 1 1 1 1 
d944 2 2 2 1 1 2 1 
d945 2 1 1 1 0 0 1 2 1 2 2 
d946 0 1 0 2 1 0 0 0 0 0 0 0 1 1 1 
d947 0 1 1 0 2 1 2 2 1 1 0 2 1 2 1 2 1 1 0 1 1 0 1 0 2 2 1 1 0 2 0 1 2 1 1 0 0 2 2 1 1 
d948 1 1 1 0 2 1 1 1 1 0 1 1 1 1 1 1 1 2 2 1 1 2 1 
d949 2 1 2 1 1 1 2 1 1 1 1 1 
d950 2 1 2 0 2 1 0 2 2 2 0 2 1 2 1 2 2 2 2 0 1 2 1 1 1 1 1 0 2 1 1 1 1 2 0 0 2 1 0 0 1 2 2 1 0 1 2 2 1 1 2 2 
d951 2 0 0 1 2 2 1 1 2 1 1 0 1 1 1 1 1 
d952 1 1 1 1 1 2 2 0 1 1 2 2 2 1 1 0 1 1 
d953 1 1 1 1 0 1 1 1 2 1 0 1 2 0 2 1 1 0 2 1 1 1 1 2 1 1 0 1 2 1 1 2 1 0 0 1 1 0 0 0 1 1 0 1 1 0 1 1 0 0 0 1 1 0 1 0 0 1 1 0 1 1 1 1 0 1 1 1 
d954 2 1 2 1 1 1 1 2 1 2 0 0 2 0 2 1 1 1 2 2 1 0 0 2 0 2 2 1 0 1 0 1 1 2 0 0 0 1 2 2 1 2 0 0 2 1 1 
d955 0 0 0 0 1 0 0 2 0 0 0 1 1 0 1 2 1 
d956 2 1 2 0 2 2 0 2 2 1 2 2 2 2 0 1 1 1 1 2 
d957 0 0 1 0 2 0 1 1 0 2 1 1 1 2 1 0 1 2 0 0 2 1 0 1 1 2 
d958 2 2 2 2 0 2 1 2 2 
d959 1 2 1 2 1 2 1 1 1 1 2 2 2 2 1 1 1 1 
d960 0 0 0 0 1 1 0 2 1 1 0 0 2 1 2 1 1 1 2 1 0 0 1 1 0 2 0 1 
d961 2 0 2 0 2 2 2 2 0 0 2 2 1 
d962 2 2 1 0 2 2 1 1 1 1 2 1 2 1 1 1 1 2 1 1 1 2 1 1 1 1 1 0 0 1 1 1 1 
d963 2 1 2 1 1 1 2 
d964 2 2 0 2 0 2 2 0 1 0 0 1 2 0 0 2 2 0 1 1 2 
d965 2 2 2 2 1 1 2 1 2 1 1 2 1 1 0 1 0 0 2 2 2 0 2 2 1 0 1 1 
d966 1 0 2 0 0 0 1 1 
d967 0 1 2 2 0 2 2 1 2 2 0 0 0 1 0 0 1 2 0 2 2 0 0 0 2 0 1 2 0 0 0 1 2 1 2 1 2 0 1 0 1 2 0 1 0 0 1 0 2 1 
d968 2 2 1 1 2 1 1 1 1 
d969 2 1 1 2 1 1 1 
d970 1 1 1 1 1 1 1 1 
d971 0 1 2 0 0 1 1 0 0 0 0 0 1 0 1 0 0 0 2 0 0 0 0 0 0 0 0 1 1 0 1 0 2 0 0 1 1 2 0 2 0 0 2 0 0 1 0 0 0 1 2 
d972 0 2 1 0 1 0 0 2 1 0 0 0 1 0 1 1 
d973 0 1 1 0 1 0 1 1 1 
d974 2 2 2 2 1 2 2 1 1 2 1 1 2 
d975 1 0 2 0 2 2 1 0 0 2 2 0 0 0 0 0 1 2 2 2 
d976 0 0 2 0 0 1 0 0 1 1 1 1 1 1 0 2 2 1 2 1 1 1 1 0 1 0 1 0 1 0 1 1 2 0 1 1 1 1 1 0 1 0 2 0 1 1 1 1 2 1 0 1 1 1 0 1 1 0 1 1 0 
d977 1 0 1 1 0 0 2 1 2 1 2 2 0 1 2 2 2 1 2 2 0 1 0 2 1 2 1 1 0 1 0 2 0 0 2 0 2 0 1 1 1 1 2 2 1 2 1 1 1 0 1 2 1 0 1 1 0 1 1 0 1 1 1 2 
d978 1 1 2 1 1 2 1 2 0 1 2 1 1 2 1 2 1 1 2 1 2 2 0 1 1 1 2 1 1 2 2 2 2 1 2 1 2 1 1 1 2 1 2 2 0 1 1 1 0 1 1 1 1 1 1 1 2 1 2 2 1 1 2 2 1 2 0 2 2 1 1 1 2 2 1 1 1 1 2 1 1 1 1 1 
d979 0 1 2 2 0 0 1 2 1 2 0 0 0 0 0 0 1 0 1 1 1 0 0 
d980 2 1 1 2 0 1 0 0 0 2 1 1 0 0 0 1 1 2 0 1 1 1 0 2 0 1 1 1 1 0 0 1 1 1 1 1 
d981 1 1 1 1 1 1 1 1 1 1 1 1 1 
d982 0 1 1 0 1 1 1 0 1 1 1 1 
d983 0 1 0 1 1 1 1 1 1 0 0 
d984 2 2 1 2 2 1 1 0 1 2 2 1 1 1 1 
d985 1 0 1 1 0 0 0 2 0 2 0 0 0 0 0 2 1 1 1 2 1 2 2 0 1 1 0 1 
d986 0 0 0 0 0 0 0 1 0 1 0 1 0 1 0 1 1 0 0 0 0 1 1 1 1 
d987 0 1 1 1 1 0 0 0 1 1 0 0 1 1 0 1 1 1 1 1 
d988 1 0 0 1 1 1 0 0 1 0 1 0 0 1 1 0 0 0 1 1 1 1 0 
d989 0 0 0 0 2 2 2 0 2 2 2 2 2 
d990 2 1 0 1 1 1 1 1 1 1 1 1 1 1 1 1 
d991 1 2 2 1 2 2 2 1 1 1 2 1 2 2 1 2 1 1 
d992 1 1 1 1 1 1 1 2 1 1 2 1 1 
d993 1 2 2 1 2 2 2 1 2 2 2 
d994 1 1 1 1 1 2 1 1 
d995 0 0 0 1 0 1 1 1 1 
d996 2 0 2 2 2 2 2 0 0 1 2 2 2 1 2 1 2 2 0 1 2 0 2 0 2 1 2 1 2 1 2 1 
d997 2 0 0 1 1 2 2 
d998 1 1 0 1 1 1 1 1 1 1 
d999 2 2 2 2 2 1 1 2 1 
d1000 2 1 1 0 2 0 0 2 1 0 0 0 2 2 1 2 2 1 2 2 0 1 2 0 0 1 0 1 1 0 0 0 1 0 2 1 1 1 1 2 2 1 1 0 2 2 1 1 1 2 1 1 1 2 1 
d1001 1 1 1 1 2 2 1 1 1 
d1002 2 0 0 0 2 1 1 
d1003 0 0 1 0 1 0 1 1 1 2 1 2 1 0 2 1 1 0 1 1 2 1 2 1 1 1 2 1 1 1 2 
d1004 2 2 0 2 0 0 1 2 0 2 0 1 1 
d1005 1 2 2 1 1 0 1 2 2 2 1 1 
d1006 0 0 2 1 2 1 2 2 2 1 
d1007 2 2 2 2 2 0 2 0 1 2 2 
d1008 0 1 0 1 1 1 1 
d1009 1 0 1 1 2 1 2 2 1 1 1 1 1 2 2 1 1 1 
d1010 1 2 0 0 1 1 2 0 1 0 2 0 1 2 0 1 0 0 0 2 1 0 2 1 0 1 1 1 
d1011 1 2 1 0 1 2 0 1 2 1 1 1 0 1 2 1 1 1 0 1 0 0 0 1 0 1 1 1 1 
d1012 2 2 1 2 2 2 0 1 2 2 1 2 0 2 1 1 2 1 1 2 1 1 2 0 0 2 2 2 0 0 2 1 2 1 2 1 2 1 1 2 2 1 1 1 1 2 1 1 0 2 1 1 2 2 1 0 1 1 2 1 1 2 0 1 0 2 2 2 2 1 2 1 0 2 2 1 1 2 1 1 2 2 0 1 1 2 1 1 1 2 2 
d1013 1 1 2 1 1 2 2 1 1 1 1 1 1 1 1 1 1 
d1014 2 2 2 1 2 0 1 1 2 2 0 1 2 2 2 2 2 2 1 2 1 1 2 0 2 1 1 
d1015 0 0 1 0 0 0 0 0 0 
d1016 0 1 0 0 1 2 2 2 0 0 1 0 0 2 2 1 1 0 0 1 1 2 1 2 2 2 1 1 1 1 0 1 1 1 
d1017 1 1 1 2 2 2 2 2 1 2 0 1 1 1 1 0 1 1 1 2 2 1 2 2 1 1 1 2 1 
d1018 1 1 0 1 0 1 0 0 1 1 1 1 1 
d1019 1 2 1 1 1 1 1 1 1 
d1020 1 1 1 1 2 1 1 1 1 1 
d1021 1 0 1 1 0 1 1 0 1 1 1 2 2 1 0 0 1 1 1 1 1 1 1 1 2 1 0 
d1022 0 0 1 1 1 0 0 1 1 1 1 
d1023 1 1 1 1 1 1 1 1 1 1 
d1024 0 1 1 1 1 1 0 1 1 0 1 1 
d1025 1 2 2 1 2 2 1 1 
d1026 0 0 1 2 0 2 
d1027 1 1 1 1 1 1 1 
d1028 2 0 0 2 2 2 2 2 2 
d1029 2 2 2 2 0 2 2 2 2 2 
d1030 1 1 1 0 0 1 2 1 0 1 0 1 1 
d1031 0 0 0 0 0 0 0 1 0 
d1032 0 0 0 1 0 0 2 1 1 1 2 
d1033 1 1 1 1 1 1 
d1034 1 1 1 0 1 1 1 
d1035 0 1 1 1 1 2 0 0 0 1 0 
d1036 1 0 2 1 2 2 0 2 2 2 1 2 1 
d1037 1 1 1 1 1 1 1 
d1038 2 2 0 1 1 0 1 1 1 1 1 0 1 1 1 1 1 2 2 
d1039 2 1 1 1 1 1 
d1040 2 1 1 1 1 
d1041 2 1 1 1 1 1 1 1 
d1042 1 1 2 1 2 1 1 1 
d1043 2 2 1 2 2 2 2 1 2 2 2 2 2 1 2 
d1044 2 0 0 0 0 0 2 0 0 1 0 1 0 0 0 0 1 2 1 1 
d1045 2 0 0 0 2 
d1046 2 1 2 1 2 1 2 1 2 1 1 1 2 2 1 1 1 2 1 1 1 2 1 
d1047 1 2 1 0 1 1 1 1 1 1 
d1048 1 1 1 1 1 1 
d1049 2 0 1 1 2 1 1 0 1 2 1 
d1050 0 0 0 1 1 1 2 1 1 1 1 1 0 1 
d1051 2 1 1 1 0 1 1 1 1 1 1 1 
d1052 2 0 2 0 2 2 2 
d1053 2 2 0 2 0 2 0 0 2 0 
d1054 1 1 0 1 1 0 1 1 1 1 1 1 
d1055 2 1 2 1 2 2 1 2 2 1 
d1056 1 1 1 1 1 1 1 
d1057 2 2 2 1 2 2 2 2 1 1 1 2 2 2 2 1 2 1 1 1 1 1 1 1 1 2 2 2 2 2 2 2 2 1 1 1 2 1 
d1058 1 1 2 2 1 1 1 1 2 2 1 2 
d1059 1 1 1 0 0 0 1 0 
d1060 1 1 1 0 1 1 2 1 2 1 1 1 1 1 1 1 1 1 1 
d1061 2 2 1 1 2 1 1 1 1 
d1062 0 1 0 1 1 1 1 1 1 1 1 
d1063 1 2 2 1 1 1 1 
d1064 2 1 2 2 1 1 1 1 1 
d1065 1 1 1 1 1 1 1 1 
d1066 2 1 1 1 1 1 
d1067 2 2 2 1 1 2 1 1 
d1068 1 1 1 1 1 1 
d1069 1 2 1 0 1 1 1 1 1 
d1070 1 0 2 2 2 2 2 1 0 2 1 0 2 2 0 1 2 1 2 
d1071 2 2 2 2 2 2 2 0 2 2 1 1 2 
d1072 2 2 2 0 2 1 2 
d1073 0 0 2 2 2 0 1 1 1 2 2 2 1 2 1 0 0 2 1 2 1 2 
d1074 2 0 2 1 0 2 0 1 0 1 2 1 0 1 0 0 0 1 0 1 1 0 0 0 1 2 
d1075 0 1 1 1 1 1 1 1 
d1076 0 2 0 0 0 1 2 2 
d1077 2 1 2 2 2 2 1 1 1 1 2 2 2 2 2 2 0 2 1 1 1 1 1 2 2 
d1078 1 1 1 1 1 1 1 1 1 1 1 1 1 1 1 1 
d1079 2 1 0 0 1 0 2 2 2 0 0 0 
d1080 1 2 1 2 1 1 1 
d1081 1 1 1 2 2 1 0 0 1 1 1 1 1 
d1082 2 1 2 2 1 2 1 1 2 
d1083 0 0 0 1 1 1 1 1 0 0 1 0 1 1 1 0 1 
d1084 2 1 1 1 1 1 
d1085 0 1 0 0 1 1 1 0 
d1086 1 1 2 0 2 2 0 0 0 0 1 0 0 2 1 0 2 0 1 2 2 2 2 0 2 2 2 1 0 1 2 1 1 1 2 1 
d1087 1 2 2 0 2 2 2 2 1 2 2 2 2 1 0 2 2 2 2 2 1 2 1 2 
d1088 1 2 2 2 2 0 1 2 2 1 1 2 0 1 2 2 2 1 
d1089 1 0 1 0 0 2 0 0 2 1 1 0 1 0 0 
d1090 2 2 2 1 2 
d1091 1 1 1 2 2 1 2 
d1092 1 1 2 1 1 1 1 1 1 1 
d1093 0 1 1 1 1 1 1 1 1 0 1 1 1 1 1 1 1 1 1 
d1094 2 1 2 0 0 2 1 1 1 0 0 1 1 1 1 1 
d1095 0 0 0 0 0 0 
d1096 1 1 2 1 1 2 2 2 2 2 1 1 
d1097 1 1 1 1 1 1 1 1 1 1 
d1098 1 1 1 2 2 1 1 2 2 1 2 2 1 1 1 2 1 1 1 2 1 1 1 1 1 1 
d1099 0 0 0 1 0 0 1 1 1 1 1 
d1100 1 1 2 2 2 2 2 2 2 2 2 2 2 2 2 
d1101 1 2 0 1 2 1 1 1 1 0 0 0 1 1 
d1102 0 0 2 1 0 
d1103 1 2 1 1 1 1 0 1 1 0 1 
d1104 0 2 0 0 0 0 0 0 
d1105 1 1 2 1 0 2 0 2 1 0 0 1 1 1 1 1 1 0 2 1 0 1 1 1 0 1 1 1 1 1 1 1 1 1 
d1106 2 1 2 2 2 1 2 1 2 1 
d1107 1 0 1 1 1 1 1 1 1 1 
d1108 1 1 1 1 1 0 1 0 0 1 1 
d1109 0 0 0 0 0 0 0 1 0 
d1110 2 2 2 2 2 2 1 2 2 2 2 1 2 2 1 1 2 1 
d1111 2 2 1 1 1 2 1 1 1 1 0 2 1 
d1112 1 1 0 0 0 0 0 0 0 0 0 0 1 0 0 1 1 1 
d1113 1 1 1 1 1 1 1 1 1 
d1114 1 2 1 1 1 
d1115 0 2 2 1 0 2 
d1116 2 0 1 1 1 1 
d1117 2 2 2 2 2 2 2 2 1 2 2 0 0 2 2 0 2 1 
d1118 0 0 2 2 2 2 2 2 
d1119 1 1 1 1 2 1 1 2 2 1 0 1 1 1 2 1 0 0 2 0 1 2 0 0 2 1 2 1 2 1 1 1 2 0 1 1 1 1 2 1 2 1 1 1 1 1 
d1120 1 1 1 1 1 1 1 1 1 0 
d1121 0 0 0 2 2 2 2 2 
d1122 1 0 0 2 2 0 0 0 0 2 0 0 0 2 2 0 0 0 2 
d1123 2 0 1 2 1 1 1 1 1 1 1 1 1 1 1 
d1124 1 1 2 2 1 1 1 1 1 2 1 1 1 1 1 2 1 2 2 1 1 1 1 1 
d1125 0 0 1 2 0 0 0 2 
d1126 1 0 2 0 0 1 0 1 1 2 
d1127 1 0 0 1 0 1 
d1128 0 2 2 0 0 0 1 2 2 2 2 0 1 2 
d1129 1 0 0 1 0 0 1 0 1 1 2 0 1 1 
d1130 2 1 1 1 2 2 
d1131 1 1 1 1 1 
d1132 0 2 2 2 2 1 0 2 
d1133 1 1 1 2 2 1 2 2 1 2 1 2 2 2 2 2 1 2 1 1 1 1 1 1 2 1 1 2 1 1 1 1 2 2 1 2 1 1 
d1134 0 1 2 1 2 2 1 2 2 1 2 2 2 0 1 1 1 1 1 1 
