d0 1 1 0 2 0 0 2 0 2 2 0 2 0 2 0 2 1 0 2 0 1 
d1 2 2 2 2 2 2 
d2 0 1 1 0 0 1 0 1 0 2 0 2 2 1 0 0 1 
d3 1 1 0 0 2 0 1 1 2 2 2 2 2 2 0 0 0 2 0 0 2 2 2 
d4 0 2 2 2 0 2 2 2 2 0 2 2 2 2 
d5 2 2 0 2 0 1 1 2 2 1 1 2 2 1 1 1 1 1 2 1 2 1 1 2 1 1 1 2 2 1 1 2 0 1 2 1 2 1 
d6 2 0 2 0 1 2 1 0 0 2 0 0 2 2 0 2 2 2 0 2 0 2 0 0 0 0 0 2 1 2 0 2 0 0 0 0 0 0 0 1 2 0 2 0 0 2 2 0 2 0 0 0 2 2 2 2 1 2 1 0 0 0 0 
d7 0 1 1 0 1 0 1 0 1 0 
d8 2 2 0 1 0 2 1 1 0 2 0 2 0 0 2 1 2 1 2 0 2 2 0 0 2 1 2 0 0 0 0 2 
d9 1 0 0 2 2 0 2 0 0 1 2 0 1 2 1 1 2 2 2 2 2 2 2 1 2 2 2 0 0 2 2 2 2 2 2 2 2 2 1 2 2 2 1 
d10 2 2 2 2 2 2 2 2 
d11 0 2 1 2 2 1 2 2 0 1 2 2 2 2 2 
d12 2 0 0 0 2 0 0 0 0 2 2 
d13 0 0 2 2 2 2 0 1 2 0 2 0 2 0 1 1 0 2 0 2 0 0 0 0 0 0 2 0 0 
d14 0 0 0 1 0 0 0 0 0 0 0 0 0 
d15 0 0 0 0 2 2 0 2 2 0 0 0 
d16 1 1 2 1 1 1 0 1 1 0 1 1 1 1 1 1 1 1 1 1 1 1 
d17 2 2 2 0 2 2 2 1 2 2 
d18 1 2 1 1 2 1 2 2 2 2 1 2 1 1 1 1 1 2 2 2 1 
d19 0 0 2 2 2 2 2 2 0 2 2 2 0 2 
d20 1 2 1 2 0 2 2 1 1 0 1 1 0 2 0 2 1 0 2 1 1 0 2 0 1 2 0 2 0 0 2 2 2 1 1 2 2 0 1 2 0 1 0 1 1 0 2 2 1 2 2 1 1 1 1 2 
d21 2 0 0 0 0 0 0 0 
d22 0 2 1 0 1 1 2 2 1 0 0 1 0 0 0 0 1 0 1 0 1 0 0 0 1 0 1 1 1 0 1 0 0 1 1 1 1 1 0 0 
d23 0 2 0 0 2 2 2 2 2 2 0 0 2 0 0 0 2 0 2 2 2 2 2 2 2 0 0 2 0 2 2 
d24 1 1 1 1 2 1 2 1 2 2 1 1 1 1 0 2 0 2 1 1 1 1 1 0 2 0 1 1 1 1 1 2 1 1 0 0 0 1 1 1 1 1 1 1 1 1 0 1 1 1 1 1 2 0 2 1 1 1 2 1 1 0 1 1 0 1 1 1 1 1 
d25 1 2 1 0 1 2 1 0 2 2 
d26 2 0 0 0 1 0 2 1 0 2 2 2 2 1 2 2 2 2 
d27 1 2 1 1 1 1 2 1 1 1 2 2 1 1 2 2 1 
d28 1 0 0 0 2 1 0 2 0 2 1 1 2 1 1 1 0 
d29 0 2 1 1 2 2 2 1 0 2 1 0 2 2 2 0 0 1 0 2 2 0 2 0 
d30 2 1 2 1 0 1 2 1 2 2 1 0 0 2 2 2 1 2 1 2 2 1 2 2 2 1 2 2 2 2 2 2 2 2 2 2 2 
d31 0 2 2 0 0 2 1 1 1 0 0 0 1 1 0 0 0 1 0 0 1 1 1 1 
d32 0 1 2 2 2 2 2 
d33 2 1 1 2 1 1 2 0 1 2 2 0 2 0 1 1 2 2 1 2 1 2 1 1 2 1 1 2 1 1 1 1 1 1 1 1 0 1 0 2 1 1 1 1 2 1 1 0 1 
d34 2 2 0 1 0 1 0 1 1 1 1 2 1 0 1 1 1 1 1 2 1 1 1 0 1 1 1 1 1 2 2 0 1 1 2 1 0 1 1 1 2 0 1 
d35 0 2 0 1 0 0 2 2 0 2 2 0 0 2 0 0 2 0 2 1 0 1 0 2 0 1 1 0 1 0 0 2 0 0 0 2 0 0 
d36 2 0 0 2 1 1 0 0 0 0 2 1 2 2 2 0 2 0 0 2 
d37 0 2 0 2 0 1 0 2 0 0 0 1 1 0 0 0 0 2 0 0 0 0 0 1 0 1 1 0 1 0 0 0 1 0 0 0 1 0 1 1 0 1 0 0 0 1 0 1 1 
d38 0 0 0 1 0 0 0 1 1 0 1 1 0 0 0 2 0 0 0 0 1 1 1 1 1 0 1 0 1 1 0 1 0 1 1 1 0 2 1 1 1 1 1 1 1 1 1 0 1 1 1 1 1 1 1 1 1 1 1 0 0 0 0 1 1 1 1 1 0 1 1 1 1 2 0 1 1 1 1 0 1 1 0 1 0 1 1 1 0 0 1 0 1 0 0 
d39 0 0 1 1 1 1 2 2 1 1 0 1 1 0 
d40 1 1 0 2 0 0 0 0 0 2 1 0 2 2 0 1 0 0 0 2 0 0 0 0 0 1 0 0 0 2 0 1 0 0 0 0 2 0 2 0 0 0 2 0 0 0 0 0 0 0 
d41 0 0 0 0 0 1 0 0 1 0 0 0 0 0 0 1 0 0 0 0 0 1 1 0 
d42 0 0 0 0 0 0 0 0 0 0 0 0 0 
d43 0 0 0 0 0 0 0 0 0 2 2 2 2 
d44 1 1 1 1 2 1 
d45 1 0 1 0 1 0 0 1 1 1 0 1 1 1 
d46 0 0 0 1 0 1 1 0 0 
d47 2 2 2 0 1 2 0 0 1 1 1 0 0 0 1 0 2 0 2 2 0 2 
d48 0 0 2 2 2 2 0 2 2 2 2 2 0 0 2 2 0 0 
d49 1 1 1 1 0 0 0 0 1 0 1 0 0 1 1 0 0 0 1 0 0 0 0 0 0 0 0 0 0 
d50 0 0 1 1 1 1 1 1 1 1 1 1 1 0 1 0 0 0 1 1 1 1 0 1 0 1 0 
d51 2 1 0 0 0 0 2 2 1 1 2 1 
d52 2 1 1 0 0 1 2 1 1 0 0 2 0 2 2 2 2 0 2 0 0 2 0 2 2 0 1 0 0 1 1 0 2 1 0 1 0 0 1 0 1 0 2 0 0 0 2 1 0 0 2 0 2 1 0 1 2 0 1 1 2 2 2 0 1 0 2 0 2 0 0 0 0 
d53 2 2 1 
d54 1 0 1 1 0 2 1 1 1 2 0 0 1 0 1 0 2 1 2 1 1 1 0 1 2 0 2 1 0 1 1 0 0 2 2 1 1 0 0 0 1 0 2 1 0 2 1 1 2 1 1 1 0 1 0 
d55 2 2 2 2 2 2 2 2 2 2 2 2 2 2 2 
d56 2 2 2 0 0 2 0 0 2 2 2 2 2 0 2 2 0 
d57 0 0 0 0 0 0 0 0 1 1 0 0 
d58 1 1 1 1 1 1 1 0 1 1 1 1 0 1 1 1 1 1 0 1 1 1 0 1 0 1 
d59 1 2 2 1 1 2 1 2 1 2 1 1 1 1 1 1 1 1 2 1 1 1 1 1 
d60 2 2 0 1 2 2 0 2 0 2 2 2 0 0 2 0 0 2 2 2 2 1 
d61 0 0 0 2 0 0 2 0 2 0 2 
d62 0 0 0 0 2 0 0 0 0 1 0 0 0 0 0 1 0 0 0 0 0 0 0 
d63 1 1 1 1 1 1 2 1 2 2 2 0 2 1 2 0 1 1 2 1 1 1 2 1 1 
d64 2 2 1 1 1 0 2 1 2 0 1 2 1 1 2 0 0 0 1 1 0 0 1 0 0 2 1 0 1 1 1 1 0 1 
d65 2 2 2 2 0 0 2 0 2 2 2 0 
d66 0 1 0 2 2 2 0 0 0 0 0 2 0 0 1 0 1 0 1 1 0 0 0 
d67 2 2 0 1 1 2 2 0 2 1 1 1 2 0 2 2 0 2 1 0 1 1 1 
d68 1 0 1 2 0 1 2 2 2 2 1 2 2 1 2 2 0 2 2 2 0 2 2 2 2 1 0 2 
d69 2 2 0 2 2 0 0 0 0 0 0 0 0 2 0 0 0 0 
d70 2 0 2 2 2 2 2 2 2 1 2 2 2 1 2 2 2 1 1 1 2 2 2 2 1 1 2 2 2 2 1 2 2 2 2 1 1 2 2 2 2 2 2 2 1 
d71 0 0 1 1 2 0 0 1 0 0 0 1 1 0 0 1 0 1 1 1 0 1 0 0 0 0 1 0 
d72 2 0 0 0 2 0 2 0 0 2 0 0 2 0 2 0 2 2 2 2 2 
d73 0 2 0 1 0 0 1 0 2 1 
d74 1 0 1 1 1 1 1 0 0 1 0 1 1 1 1 0 1 1 
d75 2 2 2 2 1 1 1 0 1 0 2 1 0 2 2 2 0 0 2 1 0 1 0 0 0 1 1 0 1 0 1 1 2 0 1 2 0 0 1 0 1 1 1 1 2 1 1 1 1 2 1 0 
d76 0 1 1 1 1 0 2 0 1 1 1 2 2 1 2 1 
d77 1 1 1 2 2 2 2 1 
d78 1 2 1 0 2 2 2 0 2 
d79 0 2 1 0 0 1 1 1 0 1 0 1 1 1 2 2 1 2 1 2 1 2 0 1 1 1 0 0 0 1 1 1 1 0 1 2 1 1 1 1 1 1 2 1 1 1 1 0 0 1 1 1 2 1 1 1 
d80 0 0 1 0 0 0 0 0 0 
d81 1 1 1 2 1 1 
d82 2 2 2 2 2 0 0 1 1 2 1 2 2 2 2 2 1 2 2 2 
d83 0 0 2 2 0 1 1 0 0 0 2 0 1 1 0 1 0 0 2 2 1 1 1 0 2 0 
d84 2 2 2 0 0 2 0 2 2 2 0 1 0 0 0 2 0 0 
d85 2 0 0 0 0 2 2 2 1 0 1 1 2 0 0 0 2 1 0 2 1 0 0 1 1 1 0 2 2 0 0 
d86 2 0 1 0 0 0 1 0 0 0 0 1 0 0 0 1 0 0 0 1 0 0 
d87 0 2 2 2 0 1 1 0 2 2 2 0 0 2 2 0 2 2 2 2 0 0 
d88 0 2 1 2 0 2 0 2 2 2 2 0 2 0 2 2 0 0 
d89 2 1 2 2 0 0 2 2 
d90 2 2 0 0 0 0 0 0 2 0 2 0 0 2 0 0 0 0 2 2 0 0 0 0 2 0 0 0 0 0 0 0 0 0 
d91 2 1 2 2 
d92 0 0 1 0 0 0 0 1 1 0 0 1 0 0 1 0 0 0 
d93 0 2 1 2 1 1 0 0 1 0 2 1 0 1 
d94 0 0 0 2 0 2 0 2 0 0 2 2 2 2 
d95 0 1 0 0 1 1 1 1 1 0 1 1 0 0 
d96 2 2 2 1 2 1 2 0 0 0 1 2 1 2 1 0 1 1 0 2 2 2 2 2 1 1 0 1 1 1 2 1 1 1 0 1 1 1 1 1 
d97 1 1 1 0 0 2 0 1 1 0 1 0 1 0 1 1 2 0 2 2 2 1 0 1 2 0 0 2 2 2 
d98 0 2 0 2 2 0 2 2 2 2 2 0 2 2 2 2 0 2 0 2 2 2 2 2 0 2 2 2 2 
d99 2 1 1 2 2 2 1 1 2 2 2 
d100 1 1 1 2 2 1 
d101 2 2 0 2 2 0 1 2 1 2 2 0 2 2 2 2 2 2 1 0 2 0 2 2 0 
d102 0 0 2 0 2 0 2 0 0 0 2 2 2 0 2 0 2 0 2 0 0 0 2 2 0 2 2 2 2 2 2 2 2 
d103 2 2 1 0 1 0 1 1 1 0 1 1 1 1 0 0 2 1 0 1 0 1 1 1 1 0 0 0 0 2 0 1 1 1 1 0 0 0 2 0 0 1 0 0 1 1 1 0 1 1 0 2 0 0 1 0 0 0 1 0 
d104 2 2 1 1 2 2 1 2 1 2 1 1 1 2 2 2 1 2 1 1 1 1 2 1 2 2 1 1 2 
d105 1 1 1 2 2 2 2 2 2 2 1 2 2 2 2 
d106 1 0 2 1 1 2 1 1 1 1 0 1 1 1 0 
d107 2 0 2 2 2 0 0 0 0 2 2 2 2 2 2 0 0 2 0 2 0 2 
d108 2 0 2 1 1 0 0 2 0 2 2 2 0 0 2 0 2 2 0 2 0 2 0 2 
d109 0 2 0 1 2 1 1 2 1 2 1 1 1 
d110 0 0 0 2 1 2 0 1 2 2 0 0 1 0 0 0 1 1 0 0 1 2 0 0 0 0 0 0 2 1 1 1 1 0 2 0 1 0 2 1 2 0 0 0 0 0 1 0 2 2 1 0 0 1 0 0 1 1 0 0 0 0 2 0 0 2 0 2 0 0 1 0 0 1 1 2 0 0 0 1 0 1 0 0 0 0 0 1 0 1 2 1 0 1 0 0 0 0 0 0 0 
d111 2 0 0 0 2 2 0 0 0 
d112 2 1 1 1 0 0 0 0 1 1 1 1 0 1 1 1 1 1 1 1 1 1 
d113 2 0 0 1 0 0 0 0 0 0 1 1 0 
d114 1 0 0 0 0 0 0 
d115 1 1 1 1 1 1 1 1 2 1 1 
d116 2 0 0 2 0 0 0 0 2 0 0 0 0 0 0 2 2 2 1 0 1 2 0 1 0 0 0 0 0 2 1 0 
d117 1 1 0 1 0 0 2 1 1 0 0 0 1 0 0 0 0 1 0 0 1 1 
d118 2 0 2 2 2 2 2 2 2 2 2 0 2 2 2 2 2 2 2 2 2 2 2 
d119 2 0 2 0 0 2 2 0 2 2 2 1 0 2 2 0 2 0 1 0 2 2 0 0 0 2 2 2 0 2 2 2 1 2 0 1 2 0 0 0 0 2 0 2 2 2 2 0 2 2 2 0 1 2 2 0 2 2 0 2 2 0 1 2 0 2 0 0 0 2 2 1 0 0 0 
d120 2 0 0 2 0 0 0 0 1 0 1 0 1 0 1 0 1 0 1 1 1 1 1 0 0 0 0 0 0 1 0 0 1 0 1 0 0 0 1 1 0 0 1 1 1 1 0 1 1 1 1 0 1 1 1 1 0 1 0 0 0 0 1 0 0 0 1 1 1 
d121 1 2 1 0 1 1 1 0 1 2 0 0 0 0 1 1 1 0 1 0 
d122 2 0 0 0 2 0 2 2 2 2 2 0 2 0 2 2 2 2 0 2 0 
d123 2 0 0 0 0 0 1 0 2 0 1 0 0 1 2 0 1 
d124 1 2 1 1 1 1 1 1 1 1 
d125 2 0 0 2 0 2 0 0 2 0 1 1 0 2 2 1 0 0 0 2 0 2 1 0 0 2 0 0 1 2 1 0 2 1 2 0 0 
d126 0 1 0 0 1 0 1 0 1 1 1 0 1 1 0 2 1 1 
d127 0 2 2 2 0 2 2 
d128 2 1 1 1 0 1 1 1 1 1 0 1 1 0 1 1 0 
d129 0 0 0 2 0 2 0 1 0 1 1 1 2 0 0 0 0 0 
d130 2 2 2 0 0 2 0 0 0 0 2 0 0 0 2 2 0 1 0 2 0 2 1 0 2 2 0 0 1 
d131 2 1 0 1 0 2 1 2 0 2 1 2 1 2 2 2 2 1 1 1 1 1 2 2 2 2 2 2 1 1 1 2 1 2 1 2 2 1 2 2 
d132 2 0 1 1 1 0 1 2 1 1 2 2 0 0 1 1 0 0 
d133 2 1 0 1 0 2 2 2 2 1 1 1 0 0 1 0 1 1 1 1 0 1 1 2 0 0 2 2 0 1 0 1 1 0 1 1 2 2 0 0 2 1 1 1 2 0 1 1 0 1 0 2 1 1 0 0 1 1 2 2 1 0 1 0 
d134 1 1 2 2 2 1 2 2 2 2 2 1 2 1 2 1 1 
d135 1 1 0 1 2 1 1 
d136 0 0 0 0 1 2 0 1 0 1 1 1 0 0 1 2 0 1 1 0 0 2 0 1 1 1 2 0 1 1 0 0 2 0 1 1 0 0 0 0 0 1 0 0 1 1 1 0 0 0 0 0 0 0 0 1 1 1 0 0 0 1 0 0 0 0 1 0 0 2 2 0 0 1 1 0 0 0 0 2 1 0 0 1 0 
d137 2 1 0 0 1 0 1 1 2 1 2 1 2 2 
d138 2 2 0 2 2 1 2 1 1 2 2 1 0 0 1 1 2 1 1 0 2 1 2 1 2 1 1 1 1 1 1 0 1 1 0 0 0 1 2 1 0 0 1 1 2 0 2 0 0 0 1 1 1 2 0 1 0 1 1 1 0 1 1 1 1 1 1 1 1 1 1 2 0 1 
d139 1 0 0 1 0 1 0 0 0 1 1 0 0 1 1 1 
d140 2 2 2 0 2 2 2 1 2 0 0 2 2 2 2 2 0 2 1 0 2 0 1 1 2 0 0 2 1 1 2 2 
d141 0 0 0 0 0 1 0 0 0 1 0 0 0 0 0 0 0 0 1 0 0 1 0 1 1 0 0 0 0 0 0 0 0 1 0 1 1 1 1 0 
d142 1 0 0 1 2 1 2 1 1 1 1 1 0 2 1 0 1 1 1 1 1 1 1 0 1 0 1 2 1 1 1 1 1 0 0 1 1 1 1 2 1 1 1 
d143 0 2 1 1 0 1 2 0 1 2 0 2 0 1 0 0 2 0 0 1 0 0 1 
d144 1 0 2 0 0 0 0 2 1 0 0 0 2 0 0 0 1 0 0 0 0 0 0 0 0 0 0 0 1 0 0 0 0 0 0 1 0 0 0 0 0 0 0 0 0 0 0 0 0 0 0 0 0 
d145 2 0 0 1 2 2 1 1 1 2 2 1 2 2 1 2 0 1 2 1 2 2 2 1 2 
d146 2 1 0 1 0 0 1 2 0 2 0 2 2 0 0 1 2 2 0 1 0 2 0 1 1 1 1 1 0 0 0 1 0 2 1 2 0 1 2 2 2 0 2 0 1 1 0 2 2 2 1 
d147 1 0 1 2 2 2 1 2 2 1 1 1 1 1 0 1 2 2 2 2 1 1 2 2 2 
d148 1 1 0 0 0 0 0 0 2 2 0 1 0 0 2 
d149 1 0 0 1 2 1 1 1 0 2 2 
d150 0 2 1 2 0 1 1 1 1 1 2 1 1 2 1 1 2 1 2 
d151 0 1 1 1 1 0 0 1 1 0 2 0 0 2 1 1 2 1 0 1 0 1 2 1 1 2 1 1 0 1 0 1 1 1 1 1 1 1 1 1 1 1 1 1 1 1 1 
d152 0 2 1 2 1 0 0 1 1 1 1 2 0 1 1 1 0 0 1 
d153 0 2 2 2 2 2 2 2 2 2 2 2 2 2 2 2 2 0 0 0 2 2 2 2 
d154 1 1 1 1 1 1 2 2 1 1 1 2 1 1 0 1 1 0 
d155 2 1 2 2 2 2 2 1 2 0 0 1 0 2 1 0 1 1 0 2 0 1 0 0 
d156 0 0 0 0 2 0 2 1 1 1 1 0 0 0 0 
d157 0 1 0 2 1 0 1 0 0 1 0 0 0 1 1 1 1 0 
d158 2 0 1 0 1 0 0 1 0 0 0 1 1 
d159 2 2 0 2 0 2 2 2 2 2 0 0 2 2 2 2 2 2 
d160 2 0 2 2 2 2 2 
d161 1 0 1 2 1 1 2 1 1 1 1 1 2 1 1 2 1 2 1 2 1 2 2 1 2 
d162 2 0 1 1 0 0 1 2 1 1 1 0 1 1 0 
d163 0 0 0 1 1 1 1 2 0 1 1 1 2 0 1 0 0 
d164 2 2 2 1 2 1 1 1 2 2 1 2 2 2 1 2 2 1 1 2 1 2 1 2 1 2 1 2 1 1 2 1 2 1 2 2 1 2 2 2 2 1 1 2 1 1 1 1 1 1 1 1 1 1 1 2 1 2 1 2 2 1 1 1 2 1 2 2 1 1 1 1 1 1 1 1 2 1 
d165 0 2 2 2 2 0 0 
d166 2 2 2 2 2 2 2 2 2 2 2 2 1 
d167 2 1 1 0 1 2 0 2 0 0 0 1 1 1 1 2 2 2 2 1 1 2 1 1 1 2 2 0 1 2 1 
d168 1 1 0 0 2 2 2 1 1 1 1 1 1 1 1 1 1 1 2 2 1 1 1 1 1 1 1 2 1 0 1 2 2 1 1 0 2 1 1 2 0 1 1 1 2 1 2 2 2 1 1 0 1 1 1 2 1 2 2 2 2 1 1 2 2 1 1 1 2 1 2 1 0 1 1 2 
d169 0 2 0 0 1 0 0 0 1 0 1 0 2 
d170 0 0 0 2 
d171 0 2 2 2 2 1 2 
d172 1 1 0 1 2 2 0 2 1 0 1 0 1 1 2 2 1 1 1 1 2 1 1 1 1 1 1 1 1 1 1 1 2 1 1 0 1 1 
d173 2 1 2 1 
d174 2 2 2 2 2 2 2 
d175 1 0 2 0 0 0 0 2 2 2 2 2 0 2 2 
d176 1 1 2 0 2 2 1 1 1 0 1 2 0 2 1 0 0 
d177 1 2 1 0 0 0 2 0 1 1 0 2 0 0 2 1 0 2 0 2 
d178 0 0 0 2 0 0 2 0 0 0 0 2 0 0 0 0 0 0 0 0 0 0 0 0 0 0 0 0 0 0 0 0 0 2 2 0 2 0 0 0 0 0 0 0 0 0 0 0 
d179 0 1 0 0 0 0 0 0 0 0 1 1 1 1 0 0 2 0 2 1 0 1 0 0 1 
d180 2 2 1 0 2 1 1 2 1 1 
d181 2 0 2 1 1 1 1 1 1 0 0 
d182 0 2 2 2 0 0 0 0 2 1 2 1 1 0 0 1 0 0 2 1 0 0 2 0 0 2 2 0 1 0 2 1 2 2 0 0 0 0 0 0 1 0 0 2 0 0 1 2 2 0 0 2 1 1 1 2 1 1 0 0 2 2 1 2 0 1 0 2 2 0 1 0 0 0 0 2 1 1 2 0 0 0 2 2 0 2 1 2 0 2 2 2 0 1 1 2 1 2 0 0 2 2 2 2 1 2 2 1 2 0 0 0 0 1 2 2 1 2 0 2 1 0 0 1 2 1 1 0 0 1 2 0 2 0 0 2 0 1 0 1 
d183 2 2 2 2 2 1 1 1 
d184 1 1 1 0 1 1 0 1 2 1 1 1 2 0 2 1 1 0 1 1 1 
d185 2 2 2 1 2 2 2 0 2 2 1 0 2 2 2 2 2 2 2 1 2 1 2 2 2 2 2 2 2 0 2 2 0 2 2 2 2 2 0 
d186 0 2 2 2 2 2 2 2 2 
d187 0 0 0 0 0 1 1 0 0 1 1 2 0 2 1 1 0 0 1 1 1 
d188 0 2 2 0 1 0 0 2 2 2 0 2 1 0 0 2 2 0 2 0 2 1 2 2 0 0 2 0 1 1 0 2 2 0 0 0 2 0 2 2 2 
d189 1 2 2 0 1 1 0 1 0 1 1 2 2 1 1 1 1 
d190 1 0 0 0 2 0 2 1 0 1 1 2 1 2 0 2 2 0 1 
d191 2 2 0 2 0 0 0 0 0 0 2 0 0 0 0 0 2 2 2 2 2 2 2 0 0 0 
d192 0 1 1 0 1 1 0 1 
d193 0 2 0 2 0 0 0 0 2 2 2 1 0 0 1 2 1 0 0 1 0 0 1 1 0 2 0 1 0 0 1 1 1 1 2 0 0 2 0 0 1 0 2 2 1 1 0 1 2 1 1 1 1 0 
d194 0 0 0 2 2 0 2 0 0 2 2 2 
d195 2 0 2 2 2 1 2 0 0 0 2 2 0 2 2 0 2 
d196 1 2 2 2 2 
d197 0 1 1 2 2 2 1 2 1 1 2 0 2 2 2 1 2 
d198 0 0 1 1 2 0 1 2 1 2 1 2 1 
d199 1 1 1 1 1 1 1 1 
d200 1 0 0 2 1 0 1 0 0 0 2 0 0 0 1 0 0 1 0 2 0 0 2 1 2 1 
d201 2 1 2 0 2 0 0 1 1 2 0 2 1 1 0 0 2 0 0 2 2 1 1 2 2 1 0 0 0 0 0 2 1 0 1 1 2 2 0 2 0 1 2 1 0 0 2 2 0 0 0 0 2 0 2 0 2 0 2 1 1 0 0 0 0 2 2 2 2 0 0 0 0 
d202 0 2 0 2 2 2 0 1 2 2 0 0 2 2 0 2 2 0 0 
d203 0 0 0 0 0 0 0 0 1 1 0 1 0 1 1 0 1 1 0 1 0 1 0 1 0 0 0 1 0 1 1 0 0 0 0 1 1 0 0 1 1 0 1 1 0 1 0 0 0 1 0 1 1 0 1 0 0 0 0 1 0 0 1 0 0 1 1 0 1 0 0 0 1 0 0 0 1 0 0 1 0 1 0 0 1 0 0 1 0 1 1 1 0 0 0 1 1 0 0 
d204 0 0 1 0 0 0 0 1 1 1 1 1 
d205 1 1 0 1 0 1 1 1 1 1 1 1 1 0 1 
d206 2 1 1 1 2 1 2 1 1 1 1 1 1 1 1 1 1 2 1 1 1 1 1 2 1 1 2 2 
d207 1 1 0 0 0 1 1 0 1 2 1 0 1 1 1 1 1 2 1 2 1 1 1 1 0 0 1 
d208 1 1 1 1 2 1 1 1 1 1 1 1 1 2 1 1 1 1 1 1 1 2 1 1 1 
d209 1 1 1 2 0 0 0 2 1 0 1 1 2 1 0 1 1 2 1 0 0 1 1 0 0 0 2 0 1 0 
d210 1 1 2 1 0 2 2 0 1 0 0 2 0 0 2 2 2 0 1 0 
d211 0 2 2 0 1 1 1 0 2 1 2 2 0 0 0 1 2 2 1 0 0 2 0 0 0 0 1 1 0 0 0 1 0 0 0 0 0 1 
d212 1 0 1 1 0 0 1 0 0 0 0 0 1 
d213 1 1 1 0 1 1 1 1 1 1 1 1 1 1 1 1 1 1 1 
d214 1 0 0 1 1 2 0 2 0 1 0 0 2 1 1 0 
d215 0 2 1 0 0 0 0 0 1 1 1 0 0 0 0 0 
d216 1 0 1 1 1 1 1 1 2 1 1 2 1 1 
d217 1 1 1 1 0 2 0 2 0 1 0 1 2 1 0 2 1 2 2 0 0 0 2 0 2 2 1 2 2 1 2 2 1 2 
d218 1 0 0 0 0 0 1 0 0 0 1 0 0 0 0 0 0 0 0 0 
d219 0 1 1 1 1 0 1 1 1 1 1 1 1 0 1 0 1 1 0 2 2 1 2 1 2 1 2 0 2 2 2 1 1 2 1 1 1 1 2 2 2 2 1 1 1 1 1 0 0 0 1 1 1 1 
d220 2 0 1 2 0 1 2 0 1 0 0 0 1 0 0 1 0 0 0 0 0 2 
d221 0 1 1 0 1 0 1 1 0 2 1 2 1 2 0 0 0 0 2 0 1 0 2 2 2 0 0 0 2 0 0 0 
d222 1 0 2 1 2 0 1 1 0 0 1 1 1 1 2 1 0 1 1 1 2 0 0 0 1 2 0 1 1 0 1 1 0 0 2 1 1 1 2 1 1 2 0 1 0 1 1 1 2 2 1 1 1 1 1 1 2 1 0 1 1 2 2 0 1 1 1 1 1 1 1 2 2 1 1 1 1 1 1 1 1 0 1 1 0 1 2 2 2 2 1 1 2 1 0 0 1 1 1 0 0 2 1 1 
d223 1 2 0 1 1 2 2 0 1 0 1 1 2 2 0 1 1 1 2 1 0 2 2 1 1 0 1 1 1 2 1 1 1 2 0 
d224 2 2 2 2 2 
d225 0 0 0 0 0 0 0 0 1 
d226 0 0 1 1 1 0 1 2 2 2 2 0 2 
d227 0 0 0 2 2 0 2 1 2 2 1 0 0 2 1 1 0 2 2 2 1 0 1 0 0 1 2 2 2 2 2 1 0 2 0 2 2 1 0 0 0 1 1 2 2 0 1 1 0 1 0 0 2 1 2 0 2 0 1 0 0 1 2 0 2 2 0 2 2 0 1 2 1 1 1 2 1 0 0 1 2 0 0 2 2 2 0 2 0 2 2 0 0 0 0 2 0 1 0 2 2 1 0 0 1 0 0 1 2 0 0 2 1 1 1 2 1 0 0 0 0 1 1 1 2 1 0 2 0 2 2 0 1 0 0 0 0 0 0 0 1 0 0 2 0 0 1 0 2 0 1 0 2 2 0 2 2 1 2 1 2 2 0 2 0 2 0 2 2 1 
d228 0 0 0 0 0 1 0 0 0 0 0 0 0 0 0 0 0 0 0 0 0 
d229 1 0 0 1 2 0 0 2 2 0 2 2 1 0 2 0 0 0 0 2 0 0 0 2 0 2 2 0 1 0 1 2 0 1 2 2 2 0 0 1 1 1 1 2 2 2 2 0 0 1 0 0 1 1 1 1 0 0 0 0 2 1 1 1 0 0 1 1 1 
d230 0 2 2 2 2 2 2 2 0 2 2 2 2 2 2 2 0 2 2 1 2 2 2 2 2 1 2 2 1 0 2 2 0 2 
d231 0 1 0 1 0 1 1 1 1 1 0 1 1 1 0 0 1 1 
d232 0 0 0 0 2 2 0 0 0 0 0 0 0 
d233 1 1 2 0 2 1 0 1 0 0 2 1 2 1 1 1 1 1 1 1 2 1 
d234 1 2 2 2 1 2 1 2 2 2 2 2 2 2 
d235 1 2 2 2 2 2 2 0 2 0 2 2 2 1 0 2 1 1 2 1 0 2 2 1 2 2 
d236 0 1 1 1 0 0 1 0 1 0 1 0 
d237 1 0 1 1 2 0 1 2 1 2 0 0 2 1 0 1 2 1 0 2 0 1 1 2 0 0 2 0 0 
d238 1 1 1 1 1 1 1 1 
d239 2 0 1 1 2 1 0 2 0 1 0 1 2 2 0 1 1 2 2 1 1 0 1 2 1 0 2 0 1 
d240 0 0 0 0 2 0 0 0 0 0 0 0 0 0 0 0 0 0 0 2 0 0 0 0 0 0 0 0 0 0 0 0 0 0 0 0 0 0 0 0 
d241 0 0 2 1 0 0 0 2 0 2 2 0 0 0 0 0 0 0 
d242 0 1 0 0 2 0 2 0 0 0 0 2 2 0 
d243 1 1 2 1 1 1 0 0 0 1 1 1 0 1 1 1 0 0 1 1 1 1 1 1 1 1 1 1 1 0 1 1 1 1 1 0 1 1 1 1 1 1 1 1 1 1 1 
d244 0 0 1 0 0 0 0 0 0 1 1 0 0 
d245 2 2 2 0 2 0 2 2 2 2 2 2 2 2 2 2 0 2 2 0 2 2 2 2 2 2 2 0 
d246 0 2 1 0 0 2 2 0 1 0 1 1 1 2 2 2 2 1 2 1 0 1 
d247 1 0 2 0 0 1 1 0 1 2 1 0 1 0 0 0 0 0 0 2 0 1 1 2 1 0 0 0 1 0 0 1 0 1 2 2 1 0 0 
d248 1 2 2 2 2 2 0 2 0 0 0 0 2 0 0 2 2 0 0 0 0 0 0 0 2 0 0 0 0 0 0 
d249 2 2 2 2 1 0 1 2 0 2 0 1 1 1 0 1 2 1 1 1 1 1 0 1 0 0 1 2 2 1 1 1 1 1 
d250 2 0 0 2 0 2 2 1 1 2 1 2 0 1 2 2 2 2 2 1 2 1 
d251 2 1 1 1 0 1 0 2 2 1 2 2 2 2 1 2 2 1 2 2 1 1 0 2 1 2 1 
d252 2 2 1 1 2 0 1 1 2 2 2 2 1 0 1 0 2 1 1 1 2 0 0 1 0 2 0 2 2 1 2 1 1 0 1 1 2 1 1 1 1 2 2 1 1 2 1 1 0 
d253 1 2 2 1 2 2 1 2 2 2 1 1 1 2 2 1 2 1 2 1 2 2 
d254 0 2 2 2 0 2 0 2 0 0 2 0 2 1 1 2 0 1 1 0 2 2 
d255 1 1 1 2 0 0 1 0 2 2 0 2 1 1 2 1 2 1 0 0 2 2 0 0 2 0 2 0 1 0 2 2 1 0 0 2 0 2 2 0 0 0 0 2 2 2 1 0 0 0 1 2 2 2 0 0 0 2 1 2 2 2 0 2 0 0 
d256 1 0 1 2 2 2 1 2 0 2 1 2 2 0 0 1 2 0 2 1 0 2 2 1 2 2 0 1 0 1 2 1 0 0 0 1 1 1 0 2 2 1 0 0 2 1 2 0 2 1 1 2 0 1 0 1 2 1 1 
d257 1 0 0 0 0 1 2 1 2 2 0 1 0 1 0 2 2 0 2 2 2 
d258 0 2 0 0 2 2 1 0 1 0 0 1 0 0 1 0 1 1 1 0 1 0 2 0 0 0 0 0 0 0 
d259 2 1 0 2 2 1 1 1 1 2 2 2 1 2 2 1 1 2 0 1 2 2 1 2 2 2 2 2 2 1 2 2 2 1 2 1 2 1 1 1 0 2 1 1 0 2 1 1 2 1 2 1 1 2 1 1 2 2 1 2 2 1 2 1 2 1 1 2 2 1 2 1 2 
d260 0 1 1 1 1 1 2 2 1 0 0 0 1 1 1 1 1 1 0 1 1 1 0 2 1 2 1 1 
d261 1 0 0 1 0 0 
d262 1 2 2 1 2 1 0 0 1 1 0 1 1 2 0 2 0 1 0 1 2 0 1 0 1 1 1 2 0 2 2 0 1 1 
d263 0 1 1 2 0 0 0 2 0 0 2 0 0 2 0 0 2 2 2 0 2 2 2 2 2 2 2 2 0 
d264 1 1 2 1 1 2 2 1 2 1 1 1 2 1 2 1 1 1 1 1 1 2 2 2 2 2 1 1 1 1 1 2 1 
d265 2 2 2 2 2 2 2 2 2 2 2 
d266 1 1 1 1 1 1 1 1 0 1 2 1 1 1 0 1 
d267 2 0 1 0 2 0 0 1 0 0 0 2 1 1 2 1 1 1 1 0 0 2 0 0 0 0 1 0 1 0 1 1 2 1 0 1 0 0 2 0 0 0 0 0 0 0 
d268 1 1 1 0 2 0 1 0 1 2 2 0 0 1 1 0 1 1 1 2 1 0 
d269 0 0 1 1 0 1 0 1 2 0 0 2 0 0 0 0 0 0 1 1 0 0 
d270 0 0 0 0 1 1 2 0 2 0 0 0 0 1 0 1 0 2 0 0 2 0 2 0 0 0 0 0 2 0 
d271 1 1 2 1 1 1 2 0 2 1 2 1 1 1 2 1 2 2 1 1 2 2 2 2 2 2 
d272 0 2 0 1 2 1 2 1 1 1 1 2 1 1 1 2 2 1 1 1 1 1 1 1 2 1 1 1 1 1 1 1 1 2 1 1 2 1 2 1 1 2 1 
d273 0 2 1 2 1 0 1 2 0 2 1 1 0 1 1 2 1 1 1 1 0 2 1 0 0 1 2 0 1 0 2 
d274 0 0 2 2 0 2 1 1 1 2 1 1 1 1 1 2 1 0 2 1 1 1 1 2 1 1 0 1 0 1 1 0 1 1 1 1 1 1 0 0 1 1 2 1 1 1 2 1 2 1 1 1 
d275 0 2 0 1 0 0 0 2 0 1 0 1 0 1 2 1 1 1 1 1 1 1 2 1 1 1 
d276 0 0 0 1 0 1 1 1 2 2 1 2 0 1 2 0 0 1 0 0 2 1 1 1 0 1 0 2 0 1 1 1 0 
d277 0 0 0 1 0 1 0 0 1 1 0 1 0 0 0 1 0 1 0 1 1 1 1 1 1 
d278 0 0 2 0 2 0 1 0 2 1 2 2 0 2 2 0 0 2 1 1 1 0 2 1 0 0 
d279 2 2 2 2 0 2 2 2 0 0 0 0 
d280 2 0 2 0 0 2 2 2 0 0 0 2 2 2 2 
d281 2 2 0 2 2 
d282 0 0 0 0 2 0 2 0 2 0 2 2 0 2 1 0 2 1 0 0 2 2 0 0 0 0 0 0 1 0 0 0 0 1 0 0 0 0 0 0 0 0 0 0 1 2 0 0 0 1 0 0 0 1 2 0 0 0 0 0 0 
d283 1 1 1 2 1 1 0 0 0 1 0 0 0 1 0 1 
d284 1 2 1 0 1 0 2 1 1 1 0 1 2 1 0 1 1 1 1 1 1 2 0 1 1 1 1 0 1 1 1 1 0 1 1 2 1 2 1 0 0 0 1 0 1 1 0 1 0 1 0 1 2 0 0 0 
d285 1 1 1 1 1 1 1 1 0 1 1 0 1 0 0 1 0 
d286 1 2 2 2 1 1 1 2 2 1 2 1 1 1 2 2 2 1 2 1 1 1 1 
d287 0 2 0 2 2 0 2 0 0 2 0 0 0 0 0 0 
d288 1 1 1 2 0 2 0 0 1 0 1 0 1 2 2 2 1 2 0 0 1 0 1 0 1 0 1 1 1 1 2 0 
d289 2 0 0 0 2 2 2 2 2 0 0 0 0 0 0 0 0 
d290 2 0 2 2 0 0 0 0 1 2 0 2 0 2 0 0 2 2 0 0 0 0 2 2 
d291 0 0 0 1 1 0 2 2 0 0 0 2 0 0 0 0 0 1 0 0 1 0 1 1 2 0 2 0 0 0 1 0 1 0 2 
d292 1 0 0 0 0 0 0 2 2 2 0 0 0 2 2 2 0 0 2 0 2 2 2 2 2 0 2 2 0 
d293 2 0 2 0 2 1 0 2 1 2 1 1 2 0 2 1 1 1 1 1 1 1 2 2 2 0 1 0 2 1 2 1 1 2 0 0 
d294 2 2 1 2 2 2 2 2 2 2 2 2 2 1 2 1 2 0 1 2 1 1 1 1 1 2 2 2 1 1 1 2 1 1 2 2 1 1 
d295 2 2 2 2 2 2 2 2 2 0 2 2 2 0 2 2 1 1 1 2 2 1 0 
d296 2 0 0 2 2 2 0 
d297 1 1 0 2 1 1 1 0 2 1 0 1 0 2 1 0 0 1 0 0 2 0 1 0 0 1 1 1 1 2 0 2 1 1 2 1 
d298 1 1 1 1 0 2 0 1 1 2 1 2 1 0 1 1 
d299 2 1 1 0 0 0 0 1 2 0 2 0 2 1 1 0 0 1 0 0 1 1 1 0 0 1 1 0 1 1 0 1 
d300 2 0 0 2 0 0 0 
d301 2 1 0 2 1 0 2 2 
d302 2 2 2 2 2 2 2 1 2 2 2 0 2 1 2 1 2 2 2 2 2 2 2 2 2 2 2 1 1 1 2 2 1 
d303 2 1 1 0 0 2 1 0 2 1 2 2 2 1 1 2 1 2 1 1 2 2 1 1 2 1 2 1 2 2 2 2 2 1 2 2 2 2 2 2 1 1 1 2 2 2 0 2 1 2 1 2 2 1 0 1 1 1 2 1 1 1 0 2 2 1 1 2 2 2 1 1 1 1 2 0 2 1 1 0 1 
d304 2 2 0 0 2 0 0 2 2 2 0 2 2 2 2 
d305 2 1 1 1 1 2 2 2 1 1 0 1 2 2 2 1 1 2 2 1 1 1 1 1 2 1 1 1 
d306 2 1 2 0 2 1 1 1 1 2 2 2 0 2 0 2 2 2 2 2 2 2 2 
d307 0 2 0 0 0 0 0 0 1 0 0 2 1 0 
d308 1 0 0 2 2 2 0 0 2 1 2 1 2 0 0 1 1 0 2 2 1 2 0 2 0 0 2 1 0 0 1 0 2 1 0 2 1 1 1 1 2 1 1 
d309 0 1 1 2 2 2 1 1 0 1 2 0 1 0 1 1 0 1 1 2 2 2 2 1 2 0 1 1 2 1 2 0 0 1 0 1 0 1 1 2 1 2 1 2 1 2 1 1 1 2 2 
d310 1 1 2 1 1 2 1 2 2 
d311 0 2 2 2 1 2 0 2 2 2 1 0 
d312 1 0 0 0 0 
d313 0 1 2 1 0 1 1 1 1 1 1 0 1 1 2 2 0 1 1 0 0 1 0 0 
d314 0 0 0 2 0 1 0 0 0 2 0 1 0 0 0 0 0 2 0 0 0 0 0 2 0 2 0 0 0 0 2 0 0 0 
d315 0 0 2 0 0 2 
d316 0 1 0 2 1 0 1 1 0 1 0 0 0 0 0 0 0 1 1 1 0 
d317 1 0 1 1 1 1 0 1 0 1 1 0 1 1 1 1 1 1 1 1 2 2 1 1 2 1 1 1 1 0 1 1 1 1 1 1 1 1 1 1 0 1 1 1 1 
d318 1 0 1 1 2 0 2 0 0 2 0 1 0 1 1 1 0 0 2 2 2 1 1 0 1 1 0 2 2 1 2 0 1 0 0 0 1 1 0 1 0 0 2 0 0 0 1 0 0 0 0 2 2 1 1 0 0 1 0 1 0 2 2 0 2 2 2 2 1 2 2 2 0 0 2 0 
d319 0 1 0 0 0 2 1 0 2 1 0 0 1 1 0 2 1 0 2 1 0 0 0 0 1 0 0 0 2 0 0 1 2 1 1 0 0 2 1 1 0 0 0 2 1 2 0 0 0 1 0 
d320 2 2 2 2 2 2 2 1 0 0 2 2 
d321 0 1 0 2 1 0 2 0 2 1 2 2 2 2 1 1 
d322 0 0 0 0 2 0 0 1 1 0 1 0 0 0 0 0 0 1 0 0 0 1 0 0 
d323 1 0 0 2 1 0 1 0 0 1 1 1 1 2 1 2 1 1 1 
d324 0 0 1 2 1 2 2 2 0 0 0 1 1 1 1 1 1 
d325 2 2 2 0 0 0 2 2 1 0 2 
d326 2 2 2 2 0 2 2 2 2 2 2 0 2 2 2 2 0 2 
d327 1 2 1 1 2 2 2 1 0 1 2 0 2 1 1 2 1 2 1 1 2 1 1 2 1 1 2 1 1 1 2 1 2 0 1 1 2 2 2 2 2 1 0 1 
d328 1 0 0 0 2 0 1 1 0 0 0 0 1 0 1 1 0 1 1 1 2 0 2 2 0 0 2 0 1 2 0 2 0 2 1 
d329 1 0 0 1 1 0 1 0 0 0 1 0 0 1 1 1 0 1 1 1 0 1 1 1 0 0 0 0 1 1 0 2 0 
d330 2 1 0 0 0 1 2 0 0 0 2 0 2 0 0 2 0 2 0 0 0 0 0 0 0 0 0 0 2 0 0 0 0 0 0 
d331 1 0 0 0 0 0 1 0 0 0 0 1 1 1 1 1 0 1 0 0 0 0 0 
d332 1 0 0 0 1 0 0 1 1 1 1 0 0 0 0 0 0 0 0 0 0 0 
d333 1 2 1 0 0 1 2 0 0 0 1 1 2 0 2 2 1 2 0 1 1 1 1 1 2 1 1 1 0 0 1 0 1 
d334 0 0 0 0 0 0 0 1 1 0 0 1 0 0 0 0 0 0 1 0 1 0 0 0 0 0 1 0 0 0 0 0 0 
d335 2 1 0 2 2 2 1 1 1 2 2 1 0 2 1 0 0 0 0 0 2 2 0 0 2 0 
d336 1 2 1 0 0 0 0 2 1 1 2 0 0 1 0 0 1 0 0 0 0 1 0 1 0 0 0 2 0 2 2 0 1 0 0 0 1 0 0 0 0 0 0 2 0 0 0 2 0 0 0 1 0 1 2 0 0 1 1 0 0 0 1 0 
d337 0 2 1 2 0 0 2 0 
d338 0 0 0 2 0 0 0 0 1 0 0 0 0 0 0 2 0 0 0 2 0 0 0 0 0 
d339 1 1 0 2 2 1 2 2 0 2 2 2 2 2 
d340 1 2 0 0 0 0 2 2 2 2 0 0 2 0 2 2 2 0 0 0 1 1 0 0 1 0 0 0 0 
d341 0 2 0 0 0 2 2 2 2 2 0 0 1 0 0 0 0 0 0 2 0 2 0 0 0 
d342 0 1 1 1 2 2 2 1 0 0 2 1 1 1 2 2 1 1 
d343 2 2 1 1 1 1 2 0 2 1 2 1 0 1 1 1 0 0 1 1 0 1 1 
d344 2 2 1 2 1 1 2 2 2 2 2 2 1 2 1 2 2 2 2 2 2 
d345 0 0 0 0 2 0 2 0 0 0 0 0 0 0 0 0 
d346 1 1 1 1 1 1 1 1 2 1 1 1 1 1 1 1 
d347 2 1 1 1 0 1 2 1 2 2 1 1 
d348 2 0 2 0 1 0 0 1 0 1 0 0 0 2 0 0 0 0 1 1 2 2 0 1 0 2 0 0 0 1 1 1 2 1 2 2 2 2 2 2 0 1 0 1 0 1 0 0 1 1 0 1 2 0 0 0 1 2 1 0 1 
d349 0 1 1 1 0 0 0 1 0 0 0 0 0 0 0 0 0 
d350 0 0 2 1 0 1 2 0 0 0 0 0 0 2 0 0 0 0 0 0 2 2 1 0 0 0 1 1 0 1 2 2 0 1 0 0 0 0 0 0 0 0 0 0 0 0 0 2 0 0 2 2 2 1 1 2 2 0 0 0 0 1 0 1 2 0 0 2 0 0 0 2 0 2 0 0 1 2 0 1 0 2 0 0 0 1 0 1 0 1 0 
d351 0 1 1 0 1 1 1 0 1 1 1 1 0 0 0 0 1 0 0 1 0 0 2 1 1 0 0 0 0 1 1 0 0 2 0 0 1 0 1 0 1 1 0 1 1 1 1 0 1 1 0 0 1 0 0 0 0 0 1 0 0 0 0 0 0 0 0 0 0 0 1 0 0 1 0 1 1 0 0 1 0 2 0 1 1 1 0 0 1 1 1 0 1 1 1 1 0 
d352 0 0 1 2 1 0 1 1 0 0 2 
d353 0 0 1 1 0 0 1 1 1 1 1 0 1 1 0 0 1 0 1 1 2 
d354 0 2 2 0 0 2 2 0 2 2 2 0 0 0 0 0 2 0 0 0 0 0 0 0 0 0 0 2 0 0 0 2 0 0 0 2 
d355 1 1 0 0 0 0 2 0 1 2 
d356 2 1 0 1 1 2 2 0 0 0 2 0 0 0 0 0 0 1 0 0 2 2 0 0 1 0 
d357 0 0 2 0 2 0 2 2 2 0 2 2 2 1 2 0 0 1 2 0 0 2 0 1 2 0 1 0 0 0 0 0 2 2 2 0 1 0 0 2 2 1 0 1 0 0 0 1 0 1 0 2 2 1 0 2 0 0 0 1 0 1 2 0 0 2 1 1 1 0 
d358 2 0 0 0 1 2 1 1 0 0 2 2 2 0 0 0 1 1 1 0 1 2 0 2 1 2 0 0 1 0 0 0 1 0 2 1 0 0 0 0 0 
d359 0 0 0 0 0 0 0 0 0 0 1 1 0 0 0 1 0 0 0 0 0 0 0 0 2 2 0 1 1 0 0 0 0 0 0 1 0 1 0 1 0 1 0 0 0 0 2 0 0 0 0 
d360 2 2 0 0 2 1 0 0 2 2 0 0 0 0 0 2 0 0 0 0 0 0 2 0 0 0 0 0 0 0 2 0 0 
d361 2 2 2 2 0 2 0 2 2 2 0 2 0 2 0 2 2 2 2 2 2 2 2 2 2 0 0 2 2 
d362 0 0 2 0 0 0 0 2 0 0 
d363 2 2 1 2 2 2 2 
d364 0 2 1 0 0 0 0 
d365 0 2 2 2 2 1 0 2 1 0 2 1 0 1 2 1 2 1 2 1 0 0 1 0 1 0 0 0 1 0 0 1 1 0 0 
d366 0 0 1 2 0 1 1 1 0 1 1 1 1 0 1 1 1 
d367 1 1 1 1 1 
d368 2 2 2 0 2 2 2 2 2 2 
d369 0 0 0 0 2 2 0 2 2 2 0 1 0 2 0 0 0 0 0 0 0 0 0 0 0 
d370 1 2 1 2 0 0 0 0 1 0 0 0 
d371 2 2 1 0 1 0 0 2 0 0 1 0 0 1 1 1 0 0 2 2 0 0 0 0 1 0 0 0 
d372 0 0 2 0 2 2 2 2 2 2 2 2 1 1 2 0 2 2 2 2 2 2 2 0 1 2 2 0 0 0 2 0 0 0 0 2 2 0 2 2 0 0 2 2 0 0 0 2 0 2 0 0 2 
d373 0 0 1 1 0 1 0 1 1 1 0 1 0 0 0 1 
d374 2 1 1 2 1 1 1 1 1 1 1 1 1 1 1 
d375 2 1 1 2 2 1 
d376 1 0 2 0 1 2 0 0 0 2 1 1 0 1 1 1 1 1 1 1 0 1 1 1 0 1 1 1 
d377 1 1 0 1 1 1 1 1 1 0 1 1 0 1 1 0 0 0 1 0 0 1 1 
d378 2 0 0 2 0 1 2 0 0 0 0 1 0 0 1 0 0 0 
d379 2 2 1 2 0 2 2 0 2 2 0 2 2 2 2 2 
d380 0 2 1 0 0 1 0 2 2 0 2 1 1 0 1 0 1 0 2 1 0 0 1 0 2 2 1 0 0 2 0 0 0 0 0 0 0 
d381 1 0 0 1 0 0 
d382 2 2 2 2 2 2 2 2 0 2 2 2 2 2 2 2 2 2 2 2 2 2 2 2 2 2 2 
d383 1 1 1 1 1 2 0 2 1 0 2 2 0 2 1 2 1 1 1 1 2 1 1 0 0 1 2 0 1 2 1 2 2 1 1 1 1 1 1 2 1 1 2 
d384 0 2 2 2 2 1 1 1 0 2 2 2 0 2 
d385 0 2 2 2 2 2 2 2 2 1 1 2 2 2 2 
d386 1 1 1 1 1 1 1 1 1 1 1 1 1 1 1 1 
d387 1 2 0 0 0 1 0 2 2 0 2 2 0 2 2 2 1 2 0 0 2 0 2 0 0 
d388 0 0 0 2 0 2 0 2 0 2 2 0 2 
d389 0 2 2 0 2 2 0 2 2 2 2 1 1 0 2 2 2 2 0 0 0 2 2 2 2 2 2 2 2 2 1 2 2 2 2 
d390 0 1 1 0 0 1 1 1 1 0 1 0 0 0 0 1 1 1 1 0 1 1 0 1 1 0 
d391 1 0 1 1 1 0 1 1 0 1 0 0 2 0 1 0 0 0 0 2 1 0 1 2 1 0 1 0 1 0 1 1 0 1 1 1 1 0 0 1 0 0 0 0 0 0 1 1 1 0 1 1 2 0 0 0 0 0 1 1 1 1 0 0 0 0 0 0 1 1 1 0 0 0 1 1 0 1 1 0 1 1 0 1 0 1 0 0 0 
d392 1 0 0 0 2 0 1 0 1 0 0 1 0 0 0 0 0 0 
d393 2 2 2 0 2 1 2 2 0 2 2 2 2 0 2 0 2 2 1 0 2 2 0 2 0 2 2 2 2 2 2 2 0 2 2 0 0 0 2 
d394 0 0 1 0 2 0 2 2 2 0 0 2 0 0 0 0 0 0 2 0 0 0 0 0 1 0 2 2 0 2 
d395 2 0 2 2 2 0 2 2 2 
d396 2 2 0 1 1 2 0 2 0 2 2 0 2 2 2 2 2 2 2 1 1 2 2 2 2 2 1 1 2 0 0 2 0 1 2 2 0 0 0 0 0 0 0 0 0 0 2 2 2 0 2 0 0 2 2 1 2 
d397 1 1 0 1 0 1 0 0 0 0 0 0 0 0 0 1 1 1 0 0 0 1 0 0 0 0 2 0 0 1 0 0 0 0 0 1 0 0 0 0 0 1 
d398 0 0 1 1 0 2 1 2 0 2 0 2 2 2 2 0 0 2 2 1 0 0 2 1 2 1 0 0 
d399 2 2 0 2 2 2 0 0 0 0 0 0 0 0 0 2 2 0 2 2 2 2 2 0 0 2 0 2 0 0 2 0 2 0 0 0 0 0 0 0 0 0 0 0 0 0 0 0 2 2 0 0 2 0 
d400 1 2 0 0 0 2 1 2 0 0 2 0 0 2 0 0 1 0 
d401 1 2 1 2 0 0 0 1 1 2 2 0 0 1 2 1 0 1 2 2 0 0 2 2 0 0 0 1 2 2 2 1 1 2 0 1 2 1 1 2 1 2 0 0 1 2 2 2 1 1 2 1 1 2 2 2 0 1 2 1 2 2 2 2 2 1 2 0 2 1 2 0 
d402 2 1 1 1 2 1 1 2 0 1 2 0 2 1 0 0 0 0 0 1 2 0 0 0 0 
d403 2 2 2 0 0 0 0 2 2 0 
d404 1 1 0 0 1 0 0 0 1 0 0 0 0 0 0 1 0 1 1 
d405 1 1 2 2 2 2 2 1 1 2 1 1 1 2 1 2 1 1 2 2 2 2 2 1 2 1 2 1 2 
d406 0 1 1 1 1 1 1 1 1 0 2 0 1 1 1 1 1 1 1 1 1 1 2 2 1 1 1 1 1 
d407 1 1 2 2 0 1 2 1 0 2 2 1 0 2 1 1 1 2 1 1 0 1 1 2 1 0 2 2 0 
d408 1 2 1 1 2 2 2 
d409 2 1 2 2 2 2 0 2 2 2 2 2 2 1 2 1 2 
d410 2 0 2 0 0 0 0 2 2 0 0 2 2 2 0 0 2 2 0 0 0 0 0 
d411 2 2 2 1 2 0 0 0 2 
d412 2 0 0 0 2 2 0 2 0 
d413 0 0 0 0 0 0 0 0 0 0 0 0 0 0 0 0 0 0 
d414 1 2 2 2 2 2 2 0 2 2 2 1 0 0 0 1 2 0 2 2 1 0 1 0 0 2 1 0 0 0 2 2 2 2 0 0 2 0 2 
d415 0 0 0 0 0 0 0 
d416 1 0 2 0 1 2 1 0 1 2 2 0 1 2 2 0 0 1 1 2 0 0 2 2 0 0 0 0 0 
d417 1 1 1 2 2 2 2 2 2 1 2 2 2 2 
d418 0 0 0 0 0 0 0 1 1 1 0 1 0 1 0 1 1 1 0 0 0 1 0 0 1 1 0 2 0 0 1 0 0 0 0 2 0 0 1 0 1 0 1 1 1 1 1 0 0 0 1 0 0 1 0 0 1 0 1 1 0 0 0 0 0 1 
d419 0 1 0 0 0 0 0 0 0 1 1 0 1 0 0 0 0 1 0 1 
d420 2 1 1 0 0 1 0 1 0 2 1 2 0 0 0 0 0 2 
d421 1 0 2 2 2 2 2 2 0 2 
d422 0 2 2 1 0 0 0 2 0 0 0 1 0 1 0 0 0 
d423 0 0 0 0 0 0 
d424 2 2 2 2 2 2 2 0 2 2 2 2 0 2 2 2 2 
d425 2 0 1 2 0 0 0 1 1 0 0 0 2 0 1 1 0 0 1 0 1 1 0 0 0 0 2 0 0 0 
d426 2 2 0 0 2 0 0 0 
d427 0 0 1 2 2 1 2 1 2 
d428 0 0 0 2 2 0 0 0 2 2 0 2 0 0 2 0 0 0 2 0 2 0 
d429 0 1 0 1 0 1 
d430 1 0 0 0 0 0 
d431 2 2 2 2 2 2 2 
d432 0 0 0 0 0 0 0 0 0 
d433 1 2 1 1 1 2 1 1 2 1 1 1 0 1 1 1 2 0 
d434 1 2 1 1 2 2 1 1 2 2 2 2 2 2 1 2 2 2 2 1 1 1 
d435 2 2 0 2 2 2 1 1 2 0 0 1 2 2 0 2 1 2 1 2 1 2 0 0 2 2 0 0 1 1 2 2 1 1 0 2 2 1 0 2 1 1 2 2 2 0 1 2 2 2 2 0 0 0 0 2 0 1 1 2 2 2 2 0 2 2 1 0 2 0 2 2 2 1 1 2 1 0 1 0 2 1 0 1 1 0 1 0 1 0 2 1 1 2 1 2 
d436 2 2 2 0 2 0 2 0 
d437 0 0 1 2 0 0 0 1 2 0 0 0 0 2 1 0 1 0 0 0 0 2 0 2 0 0 2 2 0 0 0 0 0 1 0 1 0 0 2 2 0 0 0 0 0 0 0 
d438 1 2 2 0 0 1 0 0 0 1 1 1 1 1 0 0 1 0 2 0 2 0 2 
d439 1 2 2 2 2 0 0 2 1 0 2 1 2 0 0 2 0 2 2 2 2 0 1 1 0 2 2 1 2 1 2 1 1 2 0 2 0 0 1 1 0 0 0 2 1 0 0 2 1 
d440 2 2 1 2 0 2 1 0 1 0 2 2 1 2 0 1 2 1 2 2 2 1 1 2 0 2 1 
d441 2 0 2 2 2 2 0 2 0 2 
d442 0 2 2 0 0 2 2 2 0 0 0 2 0 0 2 0 
d443 1 0 0 2 2 2 2 0 0 1 1 0 2 0 2 0 2 0 2 0 0 0 0 0 0 0 2 1 0 
d444 2 1 0 2 0 2 1 0 2 0 1 0 0 0 2 2 0 2 1 0 2 2 0 0 1 0 1 0 1 2 2 1 0 0 0 1 2 2 0 0 2 2 0 2 2 1 0 2 1 0 0 0 0 1 2 0 2 1 0 1 2 1 1 2 0 2 2 1 0 0 0 0 1 0 1 2 2 0 2 0 1 0 0 1 2 0 0 2 0 2 0 2 0 2 2 0 1 1 0 0 1 0 1 0 2 1 2 0 0 1 0 0 0 
d445 0 2 2 1 1 2 2 2 2 0 2 2 2 2 2 2 2 2 0 0 2 2 0 
d446 2 0 0 2 0 0 0 0 
d447 2 2 0 2 1 0 2 2 2 0 2 0 0 2 2 0 
d448 1 1 1 2 1 2 2 2 2 2 2 1 2 1 2 2 2 1 1 
d449 0 0 0 0 0 0 
d450 1 2 2 1 1 1 
d451 2 2 0 2 2 0 2 
d452 0 0 0 2 2 2 0 2 0 2 2 2 2 0 
d453 0 1 1 0 0 0 1 1 0 1 
d454 1 2 0 1 1 1 1 1 2 0 0 1 0 1 0 1 2 0 0 0 2 0 0 0 1 2 0 2 0 0 1 0 0 0 1 0 1 0 1 2 2 2 1 1 1 0 1 2 2 0 0 1 0 0 0 1 2 0 1 1 1 
d455 1 1 2 2 0 0 0 2 0 0 1 0 0 0 0 0 0 0 
d456 2 2 2 0 2 2 0 1 2 0 1 2 2 0 2 2 2 0 2 1 2 1 0 2 2 2 2 2 2 2 2 0 2 1 2 2 0 2 2 2 
d457 2 0 1 2 2 1 2 1 1 0 2 
d458 2 0 0 0 0 0 1 0 1 1 1 1 1 
d459 2 2 2 1 2 2 2 1 1 2 
d460 2 1 2 2 2 1 0 1 2 1 1 1 2 2 1 2 2 1 0 1 0 1 2 0 
d461 2 2 1 0 1 1 2 1 0 2 2 2 1 1 2 1 1 1 2 0 1 1 1 2 1 1 2 0 2 2 2 2 2 2 2 2 2 2 1 2 2 
d462 2 1 1 2 0 2 0 2 0 0 1 0 1 0 2 2 2 1 2 1 0 2 1 0 0 2 2 1 0 2 1 1 2 1 1 1 0 1 2 2 2 2 1 1 0 1 0 2 0 1 2 2 1 2 2 1 1 
d463 0 0 0 0 1 1 2 1 1 0 2 1 1 1 1 2 1 1 2 1 0 1 2 0 1 0 1 1 1 1 0 1 1 1 1 1 1 1 0 0 1 1 1 1 1 1 1 
d464 0 2 0 1 2 1 0 2 1 0 0 2 1 2 2 1 2 2 1 2 0 1 2 0 1 2 2 1 0 2 0 2 0 1 1 0 0 2 2 
d465 0 2 0 2 2 0 0 2 1 2 2 2 2 0 2 2 0 2 2 2 0 2 2 
d466 2 0 0 2 2 1 2 2 0 2 0 2 2 2 1 0 2 2 2 0 0 2 0 2 1 0 0 0 1 0 0 0 0 0 0 0 0 0 
d467 0 0 2 0 0 1 
d468 2 1 1 0 2 1 1 1 1 2 1 1 1 0 1 0 2 0 1 2 2 1 2 2 2 2 0 1 1 1 2 1 2 0 0 1 1 2 1 2 2 2 1 2 1 1 1 1 0 0 1 0 2 2 1 2 1 
d469 0 0 2 2 2 1 0 2 1 
d470 1 2 1 1 1 1 1 1 1 2 1 1 
d471 2 2 1 2 0 0 1 0 0 1 2 2 2 2 0 2 2 2 2 2 2 2 1 2 2 0 2 2 1 2 1 0 2 2 1 2 2 2 2 0 2 2 0 
d472 0 1 0 0 0 0 0 0 0 0 0 
d473 0 0 2 1 1 0 1 1 0 0 0 1 2 1 1 0 1 0 1 1 0 1 1 0 1 1 1 1 1 1 0 
d474 0 2 1 2 1 2 0 1 0 1 2 2 2 1 2 1 1 1 2 2 2 1 2 0 0 1 2 0 0 0 2 0 2 0 2 1 2 1 1 
d475 1 2 2 2 2 2 0 0 0 2 0 2 0 0 0 0 0 0 2 
d476 0 1 2 0 0 1 1 0 1 1 1 0 1 1 0 0 1 0 0 0 0 0 2 1 0 1 1 1 0 0 0 2 1 1 0 1 1 1 0 0 1 1 1 1 1 1 1 1 0 1 1 1 1 1 0 1 2 1 0 0 1 1 1 1 1 0 0 
d477 2 0 2 2 2 2 2 2 2 2 2 2 2 2 2 2 2 2 0 2 
d478 2 0 0 0 0 0 1 1 1 0 0 0 0 0 1 
d479 0 0 0 0 1 2 0 1 1 1 2 0 0 0 2 0 0 1 1 0 1 1 1 2 1 0 1 1 2 2 1 0 1 1 0 1 1 0 1 1 1 1 
d480 1 0 0 0 0 1 0 1 0 1 0 0 1 0 
d481 0 1 2 2 1 1 1 1 2 2 2 1 2 1 1 1 1 2 1 1 1 2 1 2 1 2 1 2 1 0 1 2 1 2 1 
d482 2 1 2 2 1 2 0 0 2 2 1 2 0 0 2 2 0 1 2 2 0 0 2 0 1 2 0 1 0 1 1 1 0 1 1 2 2 0 2 1 0 1 2 0 1 0 2 2 2 0 2 1 2 1 0 0 2 0 1 0 2 1 2 2 2 2 1 0 1 1 1 0 2 0 1 2 2 1 0 2 
d483 0 2 0 2 2 0 2 2 2 0 0 2 0 0 2 2 2 2 2 2 2 2 0 2 2 2 0 2 2 1 0 2 2 2 2 2 2 2 2 2 2 2 2 2 2 0 0 2 2 2 2 2 2 2 2 0 2 2 2 0 2 2 0 2 0 2 0 2 2 0 1 
d484 2 2 2 2 2 2 0 2 0 2 2 
d485 1 1 1 1 1 1 2 1 1 2 1 1 1 1 2 1 1 2 
d486 2 2 1 0 2 0 0 1 0 0 1 1 1 1 0 1 2 1 2 2 1 1 1 0 1 2 0 1 2 1 0 1 2 2 1 2 1 2 2 0 2 2 0 
d487 1 1 0 0 0 0 0 0 0 0 0 0 
d488 0 2 2 0 2 2 0 2 0 0 0 2 1 0 1 1 2 0 0 1 2 0 0 2 2 2 2 0 0 2 0 0 0 0 
d489 2 2 2 2 2 2 0 2 2 
d490 2 1 1 1 2 1 2 1 2 2 2 2 
d491 1 0 1 2 1 1 2 1 0 1 1 2 2 1 2 2 2 1 1 2 2 2 2 2 2 1 2 1 1 2 2 2 2 1 2 2 2 2 2 
d492 0 0 0 2 2 1 0 0 2 1 1 1 2 0 1 0 0 1 0 2 2 0 1 0 1 1 2 2 1 0 1 1 0 0 0 0 0 0 2 0 0 0 0 2 2 2 2 0 1 
d493 0 0 0 2 2 0 2 2 0 2 0 2 0 2 2 2 0 
d494 2 1 1 2 1 2 1 2 2 0 2 0 0 0 2 0 
d495 2 2 1 2 1 1 1 1 1 2 2 1 1 0 0 2 2 2 0 1 2 2 0 1 1 2 1 1 0 2 1 2 0 1 1 1 1 1 2 2 1 1 1 0 2 1 0 2 1 2 2 2 0 
d496 2 2 2 2 2 2 2 2 2 2 2 2 0 2 1 2 2 2 2 2 2 1 2 2 0 2 0 0 
d497 0 1 0 0 0 0 0 2 0 0 0 0 0 0 2 2 0 2 0 2 0 1 0 
d498 2 2 1 0 2 2 0 2 0 2 0 2 2 2 0 1 2 2 2 2 2 2 2 2 0 0 2 
d499 2 2 2 1 1 2 2 0 0 1 2 0 2 1 1 1 2 1 1 1 2 1 2 2 2 2 1 1 2 0 0 1 2 1 2 1 2 0 2 0 2 2 2 1 1 1 1 0 1 1 1 1 1 1 1 2 2 1 1 2 2 0 2 1 2 1 1 2 2 1 1 2 1 2 2 1 1 2 2 2 1 2 2 0 1 1 2 0 1 2 1 2 0 2 2 1 2 1 
d500 2 1 1 1 2 1 2 2 1 2 1 1 1 1 1 1 1 1 1 1 0 1 1 1 1 1 1 1 1 1 2 1 1 1 1 2 1 
d501 2 2 2 0 0 2 2 0 1 2 2 2 
d502 1 1 2 1 1 1 1 1 1 1 1 1 1 
d503 1 2 2 2 2 0 1 0 2 2 2 2 2 
d504 2 2 2 2 1 2 1 1 2 2 0 1 0 2 2 2 0 1 0 2 1 2 2 2 0 0 0 
d505 0 0 0 2 2 
d506 0 2 0 2 0 0 0 0 0 
d507 0 0 1 0 0 1 0 1 2 0 1 0 0 
d508 0 2 1 2 0 0 0 1 1 2 1 0 2 0 1 0 1 
d509 1 0 2 2 0 2 1 2 2 2 1 2 1 2 2 2 2 
d510 1 1 1 1 1 1 1 1 1 
d511 2 1 0 1 1 0 1 0 1 1 2 1 1 1 1 1 
d512 2 2 0 1 2 2 2 1 1 1 2 1 1 1 1 2 0 1 1 2 
d513 1 0 1 1 0 0 1 1 1 1 1 1 1 1 1 1 1 1 1 1 1 1 1 1 1 0 1 1 1 1 1 1 1 1 1 1 1 
d514 1 1 0 0 0 0 1 1 1 1 
d515 2 2 2 0 2 2 2 2 2 
d516 1 1 2 1 2 2 2 1 1 2 2 
d517 1 2 1 2 2 1 1 2 2 2 2 1 2 2 2 2 2 2 2 2 2 2 2 2 2 2 2 2 
d518 1 2 2 2 2 0 2 2 2 
d519 1 2 0 1 1 1 0 2 1 1 1 1 1 0 0 1 1 1 0 1 1 0 1 1 1 2 1 0 1 1 0 0 2 0 1 1 1 1 
d520 0 2 1 2 2 1 1 1 
d521 1 0 0 2 2 2 0 2 0 0 1 0 0 0 0 0 0 
d522 1 2 2 0 0 2 2 0 2 
d523 1 0 0 0 0 1 0 0 0 0 0 
d524 1 1 1 2 1 1 1 1 1 2 1 
d525 0 0 0 2 0 1 2 0 0 0 0 0 2 0 0 0 2 0 0 0 
d526 1 1 2 1 1 2 1 1 1 1 
d527 0 2 2 1 2 2 0 0 1 1 1 0 2 2 1 0 2 2 2 0 1 1 2 2 2 0 0 2 2 2 1 2 2 2 2 0 2 2 1 2 2 2 2 1 2 1 2 0 2 2 2 2 2 
d528 1 2 0 0 0 2 2 0 0 2 2 2 0 0 0 0 0 0 0 0 2 0 2 2 2 0 0 2 2 0 0 2 2 0 0 0 2 2 0 
d529 2 1 2 2 2 1 2 1 2 1 1 0 1 0 2 1 0 1 1 1 1 2 2 1 2 0 1 1 2 1 1 1 2 2 1 0 2 2 1 1 1 1 1 1 2 1 1 
d530 1 2 1 0 1 0 0 1 1 1 2 1 0 2 0 0 
d531 2 0 1 0 0 
d532 1 1 1 2 1 2 2 2 2 1 1 1 1 
d533 0 0 1 1 0 2 1 1 1 1 0 0 1 2 0 0 1 1 1 
d534 2 2 2 2 2 2 2 2 2 2 1 2 2 1 2 2 2 
d535 2 0 2 2 2 2 2 0 2 2 2 2 0 0 0 0 2 2 0 0 0 0 0 0 0 0 0 
d536 1 2 1 2 2 2 1 2 1 0 1 2 2 1 
d537 1 0 1 2 2 0 0 2 2 2 2 2 2 
d538 1 0 1 1 1 1 0 1 
d539 2 1 1 1 1 1 1 1 1 1 1 1 1 
d540 2 2 2 2 2 1 2 2 2 2 2 2 
d541 1 0 1 1 1 0 1 1 1 1 1 
d542 2 2 2 2 2 2 2 
d543 1 1 2 2 2 2 1 1 
d544 0 0 0 0 0 0 0 0 0 0 
d545 2 2 2 2 2 2 2 2 2 2 2 2 2 2 2 2 2 2 2 2 2 2 2 2 2 2 2 
d546 1 1 1 2 1 
d547 2 0 1 1 0 0 0 0 0 0 0 0 0 0 0 0 0 
d548 1 1 1 1 1 1 1 1 1 1 
d549 2 0 1 2 0 0 0 1 1 
d550 2 2 1 1 1 1 1 1 2 1 1 
d551 2 0 2 2 0 0 1 1 1 1 
d552 0 0 0 0 0 0 0 0 0 1 0 0 2 0 0 2 0 0 0 0 
d553 1 0 0 1 2 0 2 0 2 2 2 0 2 2 0 2 0 0 2 1 1 1 0 0 1 2 2 2 2 0 2 0 2 0 0 0 1 0 1 
d554 1 2 1 2 2 1 2 
d555 2 2 2 0 2 0 0 1 0 0 0 0 2 0 1 1 0 0 0 2 2 0 0 0 
d556 1 0 2 0 0 0 0 
d557 1 1 1 1 1 
d558 2 1 2 2 1 1 1 2 2 2 2 1 2 2 
d559 1 1 2 0 1 1 2 1 1 1 1 2 2 1 1 1 1 2 1 1 0 1 1 1 2 1 1 1 1 1 1 1 1 1 1 1 1 2 1 1 1 1 1 1 1 1 1 2 1 1 1 1 1 1 1 1 1 1 0 2 1 2 0 2 1 1 1 2 1 1 1 1 2 1 2 2 2 1 1 2 1 1 1 1 2 1 0 1 2 2 1 1 1 1 1 2 1 2 1 2 1 2 
d560 2 1 1 0 1 2 2 2 2 2 
d561 2 1 1 0 0 0 2 0 2 0 
d562 0 1 1 1 1 1 1 1 1 1 1 0 1 1 0 0 1 1 1 1 1 0 1 1 1 1 
d563 2 2 2 2 2 2 
d564 2 1 1 2 1 1 2 0 1 1 2 2 0 1 1 1 2 1 1 
d565 2 2 0 0 2 1 2 0 0 2 0 
d566 1 1 1 1 0 
d567 1 1 1 2 1 1 1 1 1 1 1 
d568 0 0 2 0 0 0 2 0 0 0 2 0 2 
d569 2 0 1 0 1 2 0 2 0 1 0 1 1 2 1 2 2 
d570 1 2 2 1 1 2 1 0 
d571 0 1 2 2 0 2 2 1 0 1 0 2 0 2 
d572 0 2 0 2 2 2 0 2 2 0 2 2 2 2 1 0 1 2 0 0 2 2 2 2 0 1 2 1 0 0 1 0 0 2 2 1 2 2 2 2 2 0 1 0 2 2 2 
d573 2 2 2 2 2 0 2 2 2 2 2 0 2 2 2 1 2 2 2 2 2 0 2 2 1 2 2 2 2 2 2 0 2 2 2 2 2 2 2 2 
d574 1 1 2 2 0 2 2 0 2 1 
d575 2 2 2 2 2 2 2 2 2 2 2 
d576 0 2 2 2 2 0 2 0 0 0 
d577 0 1 0 0 0 1 1 0 1 1 0 0 0 0 0 0 1 0 1 1 0 0 0 0 0 0 1 0 1 1 1 1 0 1 1 0 1 1 0 0 0 1 0 0 
d578 2 2 2 2 2 2 2 2 2 2 
d579 2 2 2 2 2 1 2 2 
d580 1 1 0 1 2 2 0 2 2 1 2 1 1 1 1 
d581 1 2 1 2 1 1 1 2 1 2 2 1 2 1 1 1 2 1 
d582 1 1 0 0 0 0 1 0 0 0 0 0 0 0 0 0 0 0 
d583 1 1 1 1 1 1 
d584 2 2 2 2 2 2 2 
d585 2 2 2 2 2 0 2 2 2 2 0 2 1 0 0 
d586 2 2 2 2 2 2 1 1 1 0 1 2 1 0 2 2 2 0 1 0 2 
d587 1 1 0 1 1 1 1 1 0 1 1 1 1 1 1 1 1 
d588 2 2 1 2 1 1 1 
d589 2 2 2 2 2 2 2 
d590 1 1 1 1 1 1 1 1 1 1 1 1 1 2 1 1 
d591 1 2 2 1 2 1 2 2 2 1 1 1 2 1 1 1 1 
d592 1 2 1 1 0 1 1 0 0 0 2 1 1 1 0 1 1 1 1 1 2 2 0 1 1 2 2 0 0 0 1 0 0 2 2 0 0 0 1 0 2 2 2 1 1 2 1 2 2 
d593 0 0 2 0 2 0 0 0 0 0 0 
d594 1 0 0 0 2 2 2 1 
d595 1 0 2 2 2 
d596 2 0 2 1 2 2 1 2 0 
d597 2 0 2 2 2 2 2 2 2 2 
d598 1 0 1 0 0 0 1 2 0 0 1 1 1 1 1 0 0 0 0 0 0 1 0 0 0 1 1 2 0 1 0 0 1 0 1 1 0 1 1 0 0 0 1 2 2 1 0 2 0 0 1 0 0 0 0 0 1 0 1 0 1 0 1 0 0 1 2 0 0 1 0 1 1 0 0 0 1 0 0 0 1 0 1 0 0 
d599 2 0 0 0 2 0 0 0 1 2 1 2 0 
d600 0 2 1 1 2 1 2 0 1 
d601 2 1 2 2 2 2 2 2 2 1 2 2 2 0 2 2 
d602 2 1 2 2 1 2 1 1 1 1 
d603 0 1 2 2 2 2 2 2 1 2 1 2 2 2 2 2 2 2 2 1 
d604 1 1 1 2 1 2 1 2 1 1 
d605 0 1 1 1 1 0 1 1 1 1 1 
d606 2 1 0 1 0 2 0 1 2 2 2 2 2 2 1 2 2 1 1 2 0 0 
d607 1 2 1 2 0 1 1 0 2 2 1 2 2 1 2 0 0 2 1 0 1 2 0 0 2 0 0 0 0 0 0 0 
d608 2 0 0 0 0 
d609 1 1 1 2 1 
d610 0 0 1 2 2 1 2 0 1 0 2 2 0 0 0 0 2 2 0 2 2 2 2 2 2 2 2 2 2 0 2 0 2 0 2 0 2 1 
d611 1 2 2 2 2 2 2 2 1 2 2 2 2 2 2 2 2 1 2 2 2 2 2 2 2 
d612 1 2 1 2 2 2 2 1 
d613 0 0 0 0 1 0 2 0 0 0 2 2 1 1 1 2 0 2 0 2 2 2 0 2 1 0 0 2 
d614 2 1 0 2 1 0 0 2 1 1 1 
d615 1 1 2 2 1 2 2 2 2 2 2 1 2 
d616 2 2 2 2 2 2 2 
d617 1 2 2 2 2 2 2 1 2 2 1 2 1 2 1 2 2 2 2 2 2 2 1 
d618 2 0 2 1 1 1 0 1 1 1 
d619 1 1 1 2 1 2 2 1 1 1 
d620 0 0 1 0 1 
d621 2 1 2 1 2 1 1 1 1 1 
d622 2 2 2 0 0 2 0 2 2 2 0 0 2 2 2 2 1 0 1 2 1 2 2 2 0 2 2 2 0 0 2 
d623 0 2 0 0 0 0 0 
d624 0 0 1 0 0 0 0 0 0 0 1 0 0 0 0 
d625 2 2 2 2 2 2 2 
d626 0 1 0 1 1 
d627 0 0 2 0 0 0 0 0 0 0 0 
d628 1 1 1 2 1 1 1 2 1 1 1 1 1 
d629 2 1 1 2 1 1 1 2 2 2 1 1 2 1 0 1 1 1 0 1 1 2 0 1 1 
d630 2 1 1 1 2 1 1 1 1 1 
d631 1 2 2 2 1 1 2 2 2 
d632 1 2 1 2 1 2 1 1 2 2 1 1 1 1 2 2 1 1 1 1 1 1 1 
d633 1 0 1 0 1 2 1 1 1 1 1 1 
d634 2 2 0 2 0 0 
d635 1 2 1 1 0 
d636 2 2 2 0 0 2 2 2 2 2 2 2 0 
d637 2 2 2 1 0 2 2 2 1 2 1 1 2 2 0 0 1 2 1 0 0 2 1 2 1 1 2 1 0 2 0 1 1 1 1 0 2 1 1 2 1 1 1 1 2 2 1 2 0 1 1 2 1 1 1 1 2 1 1 1 1 1 1 2 1 2 2 1 0 1 1 1 1 2 1 2 2 1 
d638 2 0 1 2 0 1 2 2 1 0 1 2 2 0 0 0 0 1 2 2 0 0 2 0 2 1 2 2 2 0 1 2 0 2 2 0 2 2 2 2 0 0 1 2 1 1 0 2 0 2 0 0 0 2 2 0 0 1 0 0 0 0 0 1 0 0 0 2 0 1 2 1 0 1 
d639 2 0 2 2 2 
d640 0 2 0 2 0 0 0 0 0 0 0 0 0 0 
d641 2 1 2 0 2 2 0 1 2 0 0 2 1 0 2 0 0 0 2 1 0 0 2 2 2 0 2 2 
d642 0 2 0 0 0 2 0 0 1 0 1 0 0 2 2 
d643 2 2 2 2 2 1 2 2 2 2 2 2 2 2 
d644 2 2 2 0 2 2 2 2 2 
d645 2 2 1 1 1 1 1 2 1 1 1 1 2 1 2 2 1 1 1 2 2 1 2 2 
d646 1 2 2 2 1 2 2 1 2 2 2 2 2 2 2 2 2 2 2 2 2 1 2 
d647 0 1 0 1 1 1 
d648 0 2 1 0 1 2 2 2 0 2 2 2 2 2 2 2 2 1 2 1 0 2 2 1 1 1 2 2 1 1 1 1 
d649 2 1 2 2 2 2 2 2 0 2 2 2 2 2 2 2 0 2 2 2 2 0 2 
d650 2 2 2 2 1 2 1 1 0 1 1 2 2 1 2 2 1 1 2 1 1 1 1 1 1 1 2 1 1 
d651 2 2 2 2 2 2 2 2 2 
d652 1 2 2 2 2 2 2 2 
d653 2 2 1 2 2 1 2 2 2 2 1 2 2 2 2 2 2 
d654 0 0 0 0 0 0 0 0 0 
d655 2 2 1 1 1 2 2 1 0 
d656 0 0 0 0 1 1 1 1 1 0 1 0 0 1 0 
d657 0 1 0 1 1 1 0 1 1 
d658 0 1 2 1 0 0 2 2 1 0 1 1 0 1 0 2 1 2 0 2 2 2 1 2 2 1 
d659 0 2 2 2 2 2 
d660 0 2 0 1 2 2 0 2 2 2 1 2 2 2 1 2 2 1 2 1 1 2 2 2 1 2 2 2 2 0 2 2 2 2 2 1 1 1 2 2 2 1 1 2 1 2 2 1 2 1 0 2 1 1 1 2 2 2 1 2 1 2 2 1 1 1 
d661 2 2 2 2 1 1 1 2 2 1 2 1 2 2 0 2 2 0 2 2 2 0 0 1 0 1 2 2 2 0 2 2 2 1 0 2 1 2 2 2 2 2 2 1 2 2 2 2 0 2 2 0 2 2 2 2 2 2 1 
d662 2 1 1 2 1 2 1 2 2 2 1 1 2 1 2 1 1 2 
d663 2 2 2 2 2 2 2 2 1 2 1 2 2 2 2 2 2 1 1 1 1 2 2 2 2 2 2 2 2 2 2 2 2 2 2 2 2 2 2 2 2 2 2 2 2 2 2 
d664 2 1 2 2 1 0 0 
d665 1 1 2 1 2 1 1 1 1 2 1 1 
d666 1 1 1 1 1 1 1 
d667 0 0 0 0 2 0 
d668 1 2 1 2 1 1 2 1 2 2 2 1 1 1 2 1 2 2 1 2 
d669 1 0 2 1 2 2 2 2 2 1 2 0 1 2 1 1 0 2 1 0 0 1 0 0 0 1 2 0 0 0 1 1 0 2 0 0 0 0 2 1 
d670 2 2 2 2 1 2 2 2 2 1 1 
d671 2 1 2 2 2 2 1 2 
d672 2 2 1 1 0 0 1 0 1 1 0 2 0 1 1 0 1 
d673 1 1 2 2 2 2 
d674 2 2 2 2 2 2 2 2 2 
d675 2 0 2 2 0 2 2 0 0 2 2 2 2 
d676 0 2 2 2 0 1 0 0 0 2 2 2 0 0 2 0 0 2 1 2 2 2 2 0 2 1 0 0 2 0 0 0 2 2 0 0 2 2 2 2 0 0 2 1 
d677 1 0 2 2 2 2 1 0 1 1 2 2 2 
d678 1 1 1 1 2 1 1 2 1 
d679 1 1 1 1 1 1 1 1 
d680 2 0 0 1 2 
d681 2 0 2 2 0 0 2 2 2 2 
d682 2 1 2 2 2 2 2 2 2 2 2 
d683 2 2 2 0 2 2 2 2 0 0 2 2 2 2 2 2 2 1 2 2 2 2 
d684 1 2 1 2 2 2 2 
d685 1 1 0 2 1 1 2 1 1 2 1 0 1 1 1 0 1 2 1 0 1 0 1 2 2 1 1 1 0 1 2 1 2 1 0 1 0 1 1 0 1 1 1 1 2 1 1 1 1 1 1 2 0 1 1 1 0 1 1 1 1 1 2 1 1 0 1 1 0 1 1 0 1 1 1 1 1 0 0 1 2 0 1 0 1 0 0 1 0 0 1 1 0 0 0 1 0 0 0 
d686 2 0 1 0 2 2 0 2 0 2 1 2 0 2 2 2 1 0 0 2 2 0 1 2 2 2 1 0 1 1 1 0 0 0 2 2 1 
d687 2 2 2 2 0 2 2 1 0 2 0 2 0 0 1 0 0 2 2 1 0 2 1 1 2 1 2 2 2 1 0 1 1 2 2 2 2 2 2 2 0 2 
d688 0 2 0 0 0 0 0 0 
d689 1 2 0 2 2 0 2 2 0 
d690 0 1 1 1 1 1 1 0 1 1 0 1 
d691 2 2 1 1 2 1 2 2 2 2 2 2 
d692 2 2 0 2 2 0 2 2 
d693 2 2 1 1 0 2 2 2 2 1 1 1 1 0 1 1 0 2 2 1 1 1 2 1 1 1 
d694 2 2 2 0 2 2 0 2 2 0 2 2 0 0 2 0 0 2 
d695 2 2 2 2 1 2 2 0 2 2 1 2 2 2 1 2 1 2 2 1 2 1 2 2 2 2 2 2 1 1 2 2 1 1 2 2 1 2 1 2 2 2 
d696 2 2 2 2 1 2 1 2 2 
d697 0 0 0 2 0 0 0 0 0 0 
d698 1 0 0 0 1 0 2 1 0 1 0 0 0 
d699 2 1 1 1 1 1 1 1 1 1 
d700 1 0 1 1 0 1 0 1 1 1 0 0 1 1 1 
d701 1 1 0 2 2 1 0 0 1 1 1 1 0 2 1 1 2 1 1 1 1 1 1 0 0 1 0 0 0 1 1 1 0 1 1 0 1 1 0 1 1 0 1 1 0 1 1 0 1 1 2 2 1 1 1 
d702 0 0 0 2 0 1 0 2 2 2 0 2 2 1 2 2 2 2 1 1 0 2 0 2 0 0 0 2 2 0 2 1 
d703 0 0 2 0 2 2 2 2 0 2 0 2 2 0 0 0 0 0 0 2 0 0 0 0 0 
d704 0 2 0 2 2 2 1 1 1 1 1 2 1 2 2 1 2 2 
d705 0 2 2 2 2 1 0 1 2 
d706 1 1 1 1 1 1 1 1 1 1 
d707 2 1 2 2 1 1 2 1 1 2 1 2 1 1 2 2 2 2 1 2 1 2 1 
d708 2 2 2 2 2 2 
d709 0 2 2 2 2 2 2 2 2 
d710 2 2 0 2 2 2 2 2 2 2 2 2 2 2 2 0 2 2 2 0 0 2 2 2 
d711 1 1 1 1 1 1 1 
d712 1 0 0 2 2 2 2 1 2 2 2 2 
d713 2 1 2 2 1 2 2 2 
d714 1 1 1 1 1 1 1 
d715 2 0 1 2 2 0 2 2 2 2 
d716 2 2 0 0 0 2 
d717 0 0 2 0 0 0 0 0 
d718 2 2 2 2 2 2 2 2 
d719 1 1 1 1 1 1 1 1 1 1 1 1 1 1 
d720 2 1 2 2 2 1 2 2 1 1 2 1 1 
d721 0 1 1 0 0 0 1 
d722 0 2 0 0 0 2 0 0 1 2 2 2 
d723 1 1 2 2 0 2 2 0 1 2 1 0 2 1 0 2 0 1 2 0 1 0 0 1 0 1 1 2 0 2 2 1 2 0 0 2 1 1 1 0 2 1 1 1 0 0 2 0 1 2 1 
d724 2 0 0 0 0 1 0 
d725 2 2 2 2 2 2 2 2 2 
d726 1 1 2 2 1 2 2 2 1 2 2 
d727 2 1 2 1 2 1 0 2 0 2 2 1 1 2 2 2 1 0 0 2 1 0 0 0 2 2 0 2 0 2 2 0 0 2 2 0 2 1 2 2 1 0 2 0 1 0 2 2 2 2 2 0 1 2 0 2 0 2 0 1 1 0 2 0 0 0 2 2 1 2 0 1 2 2 2 1 2 2 1 0 2 2 2 0 0 1 0 1 2 2 1 2 2 2 1 1 0 2 1 2 1 2 2 0 1 1 2 1 0 0 2 2 2 1 2 2 0 2 2 0 2 1 2 0 1 1 1 2 2 1 2 0 2 2 2 0 2 2 0 2 1 
d728 1 2 1 1 1 1 1 0 0 1 2 0 0 2 2 1 2 1 1 2 2 1 1 1 2 
d729 2 1 2 1 2 1 1 2 0 1 
d730 2 2 2 2 2 2 0 0 2 2 2 2 2 2 
d731 0 2 2 2 2 2 1 1 0 2 2 2 2 2 1 0 1 0 2 1 0 1 0 1 2 2 2 2 2 0 2 2 1 0 2 2 1 2 2 0 2 2 0 2 0 0 1 0 1 0 1 0 0 2 2 1 1 2 0 2 1 1 1 0 2 0 1 0 0 2 1 1 1 0 2 2 0 2 0 0 0 0 
d732 0 0 0 0 0 1 0 0 0 0 1 1 0 0 0 0 1 0 0 0 0 0 0 0 0 0 0 0 0 0 0 0 0 1 1 2 0 0 0 1 0 0 0 
d733 0 2 2 0 0 0 2 
d734 1 2 2 1 1 1 1 2 1 1 2 2 2 2 2 2 2 1 1 2 1 2 2 2 2 2 2 2 2 2 2 2 2 2 2 2 2 2 2 0 2 2 2 
d735 0 0 2 0 2 0 2 2 
d736 0 0 0 0 0 0 
d737 0 0 0 0 1 1 1 1 
d738 0 1 0 0 0 
d739 0 1 1 1 0 1 1 1 1 0 1 
d740 1 2 2 1 2 0 0 1 0 1 1 1 1 0 
d741 2 2 0 2 2 2 0 2 0 0 2 1 2 2 
d742 2 1 1 0 0 0 2 0 
d743 1 2 1 2 2 2 0 2 0 2 2 2 1 1 1 2 1 1 1 1 2 1 1 2 1 1 1 1 1 1 1 1 1 2 1 
d744 1 2 1 1 2 1 2 2 
d745 0 0 2 1 0 1 2 2 0 2 0 
d746 1 2 2 2 2 0 
d747 0 0 0 2 1 1 2 2 0 0 0 0 0 
d748 2 0 2 2 1 2 2 2 2 2 2 2 2 2 1 2 2 0 1 2 2 2 2 1 2 2 2 2 2 0 2 2 2 2 2 1 2 2 0 2 2 0 2 0 1 2 2 2 2 2 0 
d749 2 1 0 2 0 1 0 0 0 0 2 2 1 0 1 1 2 2 2 
d750 2 2 2 0 2 2 
d751 0 0 1 2 1 1 2 0 2 0 1 1 0 1 1 0 2 0 2 2 2 0 2 2 0 1 1 0 1 0 0 2 0 1 
d752 0 2 0 0 0 0 0 
d753 2 0 0 0 0 0 0 0 0 0 0 0 0 0 0 0 0 0 0 0 0 0 
d754 0 0 0 0 0 2 0 0 0 2 
d755 2 2 2 1 2 2 2 2 2 2 1 
d756 2 0 1 1 2 1 1 1 1 1 1 1 2 2 1 1 0 2 1 
d757 1 1 2 0 1 1 1 2 2 0 2 1 2 0 2 0 2 1 1 0 1 2 1 2 1 1 0 1 2 2 1 2 1 0 1 1 1 2 2 
d758 0 1 1 2 1 2 2 2 2 1 2 2 2 1 1 2 2 1 1 0 1 2 0 2 2 2 0 1 1 2 2 1 0 
d759 2 0 0 0 2 0 2 2 2 0 2 0 
d760 1 1 1 1 1 1 1 1 1 1 1 1 
d761 2 2 1 2 1 2 2 1 2 2 1 2 2 2 1 2 2 2 2 2 1 2 2 2 2 2 2 2 2 2 2 2 2 2 2 2 1 2 2 0 2 2 1 2 2 2 2 2 2 2 1 2 
d762 1 1 1 2 2 2 2 2 1 1 2 1 2 2 2 1 
d763 0 0 2 0 0 0 1 1 0 1 1 0 2 0 0 0 0 
d764 1 0 0 1 2 2 
d765 1 0 2 2 2 2 2 2 2 
d766 2 0 2 1 2 2 0 2 2 2 0 1 0 0 0 1 1 2 2 0 2 0 0 0 2 2 2 2 2 2 1 2 0 0 0 2 1 0 0 1 0 0 
d767 2 0 0 1 0 2 2 2 0 2 2 0 1 0 0 0 0 1 0 1 0 2 2 1 0 0 0 0 2 1 2 1 1 1 0 2 0 2 1 2 1 1 0 
d768 0 0 1 0 2 0 0 1 2 1 1 1 1 1 2 0 2 0 0 2 1 0 0 1 0 1 0 0 1 1 0 0 0 2 1 0 2 1 2 1 1 1 
d769 1 1 2 0 1 2 1 1 2 1 0 1 0 2 2 2 1 2 2 2 1 1 
d770 0 2 2 1 1 1 2 1 1 1 1 1 1 2 2 2 1 1 1 2 2 1 1 1 1 2 2 1 1 1 2 2 
d771 2 1 1 1 0 2 2 2 0 1 2 2 2 1 1 2 2 2 2 2 1 2 2 2 2 2 2 2 2 2 2 0 1 2 2 2 1 1 2 2 2 2 2 2 0 1 2 2 2 0 2 2 2 2 1 1 2 0 2 2 0 1 2 0 2 1 0 0 2 2 2 1 1 2 2 2 2 2 1 0 2 1 2 1 2 2 2 1 2 2 0 1 1 0 1 1 0 2 2 2 1 1 1 2 1 1 2 2 2 2 0 2 0 0 2 0 1 1 2 2 1 2 1 2 2 2 0 2 2 0 1 2 1 
d772 2 2 2 2 0 0 0 0 2 2 2 0 2 0 2 0 2 0 0 0 0 0 2 2 2 0 2 2 0 2 0 2 0 0 0 0 2 0 
d773 2 1 2 1 2 2 2 2 2 2 2 2 2 2 1 2 2 2 2 2 0 
d774 2 1 2 2 0 2 2 2 2 
d775 2 2 2 2 2 1 
d776 0 0 2 2 2 2 2 2 2 2 2 
d777 1 0 1 1 0 1 1 1 1 0 
d778 1 2 1 2 2 2 2 2 2 
d779 2 2 2 2 2 2 2 2 2 2 2 2 2 2 2 2 2 2 2 2 2 2 2 2 2 2 2 2 2 2 2 2 2 
d780 2 2 1 1 1 2 
d781 2 0 2 1 0 2 0 2 2 0 0 0 1 1 0 0 1 1 1 1 0 2 0 2 0 1 0 0 0 1 0 0 0 0 0 1 2 0 0 2 0 2 2 2 0 0 2 2 2 0 0 0 2 1 0 0 0 0 0 0 0 0 1 0 0 0 0 0 0 0 0 0 
d782 0 1 2 0 2 1 1 0 0 1 2 0 1 2 1 2 2 2 1 1 1 2 1 2 2 1 0 1 0 1 2 1 1 1 2 2 0 1 0 2 1 0 2 0 1 0 1 0 1 2 2 0 0 2 1 1 1 1 1 1 1 1 1 2 0 0 1 2 2 1 1 0 1 1 0 0 2 0 0 2 2 2 1 1 
d783 1 1 1 1 1 0 0 0 0 1 1 0 0 0 0 1 
d784 2 1 1 0 2 0 0 0 0 
d785 1 0 1 1 2 1 0 2 2 1 0 0 0 0 0 1 1 1 1 1 0 2 2 1 1 2 0 2 1 1 0 1 2 0 1 1 0 2 1 2 1 0 2 1 2 2 0 0 2 0 2 0 0 1 1 1 1 1 0 1 1 2 0 1 2 0 1 0 1 2 1 1 1 1 0 1 2 0 0 0 0 1 1 0 2 1 0 0 2 1 1 0 0 1 2 2 1 0 1 2 0 1 0 2 0 0 0 1 0 
d786 0 2 0 0 0 2 1 1 1 1 0 2 0 1 2 1 1 0 1 2 0 0 0 2 0 0 0 1 1 0 2 0 0 1 1 1 0 1 2 1 0 0 1 1 0 0 1 1 2 0 1 0 1 1 1 0 1 0 1 1 0 1 1 1 1 1 0 1 1 1 1 1 1 1 0 1 0 1 1 0 2 1 1 1 1 0 1 1 0 1 0 1 
d787 0 2 0 1 0 0 1 0 1 1 1 
d788 1 2 1 2 0 2 0 2 0 2 0 2 0 0 1 0 2 0 0 2 0 0 0 
d789 0 2 0 0 0 2 0 2 0 2 2 2 2 0 2 2 0 0 0 2 0 0 0 2 0 2 0 0 1 2 2 0 0 2 0 0 0 1 2 0 0 0 2 0 0 1 2 1 0 0 2 0 2 0 2 0 0 2 0 1 0 0 0 0 0 2 0 1 0 0 0 2 0 1 0 0 0 0 2 2 0 
d790 2 0 0 2 1 1 0 0 2 0 0 2 2 0 0 2 2 2 2 2 0 0 0 0 2 2 2 2 2 0 0 2 1 0 0 0 
d791 2 0 2 0 2 0 2 0 2 0 0 2 1 0 0 2 2 0 0 1 1 1 0 1 0 1 0 2 1 2 0 
d792 1 1 0 1 1 0 0 1 1 1 
d793 2 2 2 0 2 2 2 2 2 1 2 2 2 2 1 2 2 2 2 0 2 1 0 2 2 1 1 2 2 1 1 2 1 2 1 
d794 1 1 0 1 0 1 0 1 0 0 0 1 0 0 0 1 1 1 0 1 0 1 1 0 0 0 0 1 0 0 0 0 1 1 0 1 1 1 0 1 0 1 0 1 1 1 1 0 1 0 1 1 1 0 1 0 0 1 1 0 1 1 1 0 0 0 1 1 1 0 1 0 1 0 1 0 0 0 0 1 1 0 1 0 0 1 0 0 1 0 1 0 1 1 
d795 0 0 1 2 1 1 2 1 2 1 1 0 1 0 2 2 0 1 1 0 1 1 0 0 2 0 1 1 1 1 1 1 0 1 0 0 1 1 1 1 1 1 1 0 1 1 1 1 2 1 1 0 1 1 0 1 1 1 1 1 1 2 0 0 0 2 0 0 0 1 0 1 1 1 1 1 1 1 1 1 0 1 0 2 1 1 0 1 1 1 1 1 1 1 1 1 1 1 1 0 0 1 0 2 1 0 1 1 1 1 1 1 2 1 1 1 1 1 1 0 1 1 1 1 1 2 0 1 1 1 1 1 1 1 0 0 1 1 1 1 1 1 
d796 2 0 2 2 0 2 2 2 2 0 2 0 2 2 2 2 0 2 0 0 2 2 2 2 0 2 2 0 2 2 2 2 2 2 2 2 0 0 2 2 0 2 2 0 2 0 0 2 0 0 2 0 2 0 2 2 2 0 2 0 0 0 2 2 2 2 0 0 
d797 2 2 0 0 0 2 2 1 0 1 0 2 2 2 0 2 0 0 2 2 0 0 0 2 2 0 0 0 0 0 
d798 1 1 1 2 2 0 1 2 1 1 1 2 1 2 2 2 1 2 1 2 1 1 2 1 1 0 2 2 1 1 1 2 1 2 2 1 1 1 1 1 2 1 1 1 1 1 2 1 1 1 1 2 1 1 1 
d799 0 2 2 2 1 1 2 2 2 1 0 2 2 2 2 1 1 2 0 0 2 2 1 0 0 2 2 2 0 2 2 1 2 2 2 1 2 1 2 2 1 1 2 1 0 2 1 0 2 1 0 0 1 2 2 0 1 2 1 2 2 2 0 2 2 2 2 2 0 1 2 2 2 2 0 1 2 1 
d800 2 1 2 2 0 2 2 2 0 1 0 0 0 1 2 2 2 2 2 1 1 2 2 0 1 1 1 0 2 0 1 2 0 2 1 0 1 2 2 0 1 1 1 2 2 0 2 0 1 2 2 0 0 0 2 2 
d801 2 1 0 1 1 1 1 0 2 1 1 2 1 2 2 1 1 2 2 1 2 2 2 2 2 1 2 2 1 2 
d802 0 2 0 1 0 2 0 0 2 
d803 2 2 0 0 0 0 1 2 2 0 0 0 0 2 0 0 2 0 2 2 0 2 1 0 0 2 0 2 0 2 0 2 2 0 0 0 0 2 2 1 0 2 2 2 0 0 2 0 2 2 2 2 
d804 1 0 2 0 1 1 1 2 1 2 1 0 2 2 1 2 2 1 0 1 0 0 2 1 1 2 0 0 
d805 1 2 1 0 2 2 1 2 1 1 1 1 1 1 1 1 1 1 1 1 0 1 1 1 1 1 2 0 1 1 1 1 1 1 1 1 0 1 1 1 1 1 1 1 1 1 1 1 1 1 1 1 2 
d806 0 2 0 0 0 2 2 0 2 0 0 1 1 2 1 0 0 0 1 
d807 0 0 2 0 2 0 2 2 1 0 0 2 0 1 0 2 
d808 1 1 1 1 1 0 1 1 0 
d809 0 1 0 1 1 0 0 0 1 1 
d810 1 0 1 0 1 0 1 0 1 1 1 1 0 1 1 
d811 1 1 2 1 2 2 2 1 1 2 2 2 2 2 2 2 2 2 1 2 1 1 0 2 
d812 2 2 0 0 0 2 2 2 2 2 2 0 2 0 0 2 2 0 2 2 2 0 0 2 0 2 2 2 1 2 2 2 2 0 0 0 0 2 2 2 2 0 2 2 2 0 2 2 0 
d813 1 1 1 0 2 2 2 1 1 2 2 0 1 2 0 2 2 1 2 2 2 1 2 0 1 2 2 2 2 0 0 1 1 1 2 1 1 
d814 2 1 0 2 1 1 0 1 0 1 2 2 2 0 0 2 2 2 1 2 1 2 2 2 0 2 2 2 0 1 0 2 0 2 1 2 2 0 0 2 2 2 2 2 2 2 2 2 2 2 1 2 2 1 0 2 2 2 2 2 2 2 1 1 2 2 
d815 1 1 1 1 1 1 2 2 1 2 1 1 1 2 2 1 1 1 1 1 1 1 1 2 1 1 1 2 1 1 
d816 1 2 1 0 0 1 0 1 1 0 1 0 2 0 0 0 0 0 2 0 0 1 1 0 1 0 0 1 1 1 1 0 2 0 0 0 0 1 0 0 0 0 0 0 1 2 1 0 0 0 2 0 0 1 
d817 0 1 0 1 1 0 0 1 1 1 0 1 1 0 1 0 1 0 1 1 1 1 1 1 0 1 0 1 1 2 0 1 1 1 0 0 1 1 0 0 1 1 0 1 1 1 0 1 1 1 1 0 1 1 1 1 1 1 1 2 1 1 0 1 1 0 1 1 0 1 0 1 0 1 1 1 1 1 1 1 1 0 1 1 1 
d818 0 0 2 0 2 0 2 2 1 2 0 0 0 1 2 0 1 2 0 0 2 2 0 2 2 2 2 2 0 2 0 2 0 2 2 
d819 1 2 0 0 1 0 0 1 0 2 1 0 2 0 0 0 2 2 2 2 2 2 2 0 0 2 2 2 1 2 2 2 2 0 1 0 2 2 2 2 2 0 2 2 2 0 2 0 2 0 0 2 1 2 2 0 2 2 2 2 2 0 0 2 2 0 0 0 1 2 2 2 2 2 2 2 0 1 0 0 2 2 2 2 0 2 1 2 2 2 0 0 0 2 0 2 1 2 0 0 2 2 2 2 2 1 0 0 0 0 1 0 1 0 2 2 2 2 2 2 0 0 0 2 2 0 0 2 2 2 2 2 0 2 2 2 0 1 1 0 0 2 2 1 2 2 1 2 2 0 2 0 1 2 2 2 2 0 1 2 2 0 2 0 1 0 0 1 2 2 1 2 2 0 2 0 2 0 2 0 2 2 1 1 0 0 2 0 2 0 2 2 0 2 1 2 1 0 1 1 
d820 1 0 2 0 2 0 0 0 2 2 2 0 0 0 1 0 2 2 0 2 0 2 2 1 0 0 2 1 2 0 2 2 0 2 2 2 0 2 2 2 2 0 0 2 1 2 2 0 2 2 2 2 2 1 2 2 2 2 0 2 0 1 2 2 2 2 2 2 1 2 2 2 0 2 2 0 1 1 2 2 2 2 2 2 0 2 2 1 
d821 0 0 1 2 0 0 2 0 0 0 1 0 0 2 2 0 0 0 0 2 1 2 0 0 1 0 0 0 0 2 2 2 0 0 2 0 2 2 1 
d822 1 1 0 1 2 1 1 1 1 1 1 0 1 1 1 0 1 1 0 1 1 1 1 1 1 1 1 1 2 1 1 1 1 1 1 1 1 1 0 1 1 
d823 0 1 1 0 0 1 0 0 1 1 1 0 1 1 1 1 1 1 
d824 2 1 2 2 0 0 0 2 2 2 0 0 2 0 0 0 2 0 0 2 2 
d825 0 0 0 0 1 1 0 0 1 1 2 0 2 2 1 0 2 0 1 0 2 1 2 1 1 1 1 0 0 0 0 2 2 0 1 0 0 1 0 1 2 0 0 1 0 1 2 1 0 1 2 1 1 1 0 2 0 2 1 0 0 2 2 0 2 0 2 2 2 0 
d826 2 2 2 2 0 2 1 2 2 1 0 2 0 2 2 2 2 0 2 2 0 2 2 2 0 2 1 2 2 2 2 2 1 0 2 0 2 2 2 2 2 1 2 1 2 1 1 2 2 0 2 2 2 2 2 2 2 2 
d827 0 2 2 0 2 0 2 0 0 0 0 0 2 0 0 0 0 2 0 0 0 0 
d828 2 0 0 0 1 2 2 0 0 1 1 2 1 2 1 0 1 1 0 1 2 0 1 1 0 1 1 1 0 0 2 0 0 1 2 1 0 1 0 1 1 0 1 2 1 1 0 2 1 0 0 1 1 1 1 1 0 1 1 1 0 1 0 1 1 0 1 1 0 1 1 
d829 0 2 0 0 0 2 0 2 2 0 2 0 0 2 0 2 1 2 2 2 2 0 0 0 2 2 0 0 2 2 2 2 0 2 0 2 2 2 0 0 0 2 2 0 2 2 2 0 2 2 0 2 2 2 0 2 0 0 2 2 0 2 2 2 0 0 2 2 2 0 
d830 1 1 0 1 0 0 0 0 0 0 0 0 2 0 0 2 2 1 0 0 0 1 0 1 1 0 0 1 0 
d831 0 0 0 0 0 0 0 
d832 1 1 1 1 1 1 1 1 1 0 1 1 1 1 0 2 0 1 1 1 1 1 0 0 1 0 1 1 1 1 0 2 1 0 1 
d833 1 1 1 1 1 1 1 1 0 1 1 1 1 1 2 1 1 1 1 2 2 1 1 1 1 2 1 1 1 1 2 1 1 2 1 2 2 1 1 0 0 2 2 1 1 1 2 2 2 1 1 1 1 
d834 0 2 2 2 0 0 0 2 0 2 0 1 2 2 2 2 2 2 1 2 2 2 2 2 1 2 2 2 0 1 1 2 2 2 1 0 2 1 1 2 
d835 0 0 0 1 0 2 0 
d836 2 0 2 2 2 0 1 1 0 2 2 0 2 2 2 2 2 2 1 2 2 2 1 2 1 0 1 1 2 2 1 2 2 2 2 2 1 2 2 2 2 2 2 2 2 2 2 2 2 2 0 1 2 2 2 2 2 0 2 1 2 2 1 0 1 2 2 2 1 2 1 2 2 2 0 2 1 1 1 1 1 2 2 2 2 2 2 2 2 1 2 2 2 2 1 2 0 2 2 2 1 2 1 2 2 0 2 2 1 1 1 1 2 2 1 2 
d837 0 1 1 0 0 1 1 0 0 0 1 0 0 1 1 0 1 2 1 1 0 2 1 2 1 2 1 1 2 2 1 2 1 1 0 2 
d838 1 2 2 0 2 0 1 2 0 2 2 2 2 0 0 2 0 2 2 0 2 2 
d839 0 2 1 2 2 1 2 2 2 1 1 1 2 2 1 2 1 2 1 
d840 0 2 1 2 1 2 0 0 1 2 2 2 2 1 2 2 1 2 2 2 2 2 0 2 2 2 0 1 2 2 2 2 2 2 
d841 0 2 2 2 2 0 0 
d842 0 2 1 1 0 2 0 0 1 1 2 2 2 2 
d843 0 0 0 0 0 2 1 1 1 2 1 1 1 1 0 0 1 0 0 2 2 1 0 0 0 1 1 1 
d844 2 2 1 2 1 0 2 2 0 2 2 2 2 1 1 
d845 2 2 0 2 2 0 0 
d846 1 1 1 2 1 1 
d847 2 0 2 0 2 2 2 2 0 2 0 0 2 0 2 2 0 2 2 0 2 0 0 2 2 2 0 0 2 0 0 2 0 2 0 0 0 2 0 2 0 2 0 0 2 2 0 2 0 0 2 2 0 0 2 2 2 2 0 2 2 2 2 2 0 0 2 0 2 2 
d848 0 0 0 0 0 0 0 0 0 0 
d849 2 1 0 0 2 1 0 0 1 2 0 1 0 0 1 0 1 0 0 2 0 1 0 0 1 2 0 0 2 1 0 2 1 1 0 0 0 0 1 2 1 1 1 1 0 1 1 1 0 0 0 0 0 
d850 1 1 1 1 1 0 1 1 1 1 1 1 2 1 1 1 1 1 1 
d851 1 2 0 1 1 2 0 1 2 0 2 0 0 1 2 0 0 2 1 2 2 0 2 2 1 1 0 0 1 1 1 0 1 0 2 1 2 0 2 2 2 1 1 1 0 0 2 2 1 0 0 1 0 1 2 2 0 1 1 1 1 0 2 1 2 2 2 0 1 1 1 2 2 1 0 2 2 2 2 2 2 0 1 
d852 2 0 0 0 0 0 2 2 0 2 0 0 1 1 
d853 1 0 1 0 1 2 1 0 1 1 2 1 1 1 1 1 0 0 0 0 1 0 1 1 0 1 1 1 0 1 0 0 1 1 1 1 1 1 0 
d854 1 2 1 1 1 1 1 0 1 2 1 0 2 0 2 1 1 2 1 
d855 2 0 0 2 2 2 2 1 2 2 0 1 1 2 1 2 0 1 2 1 2 2 1 2 0 2 2 1 2 2 0 1 2 2 2 1 1 2 2 2 2 2 2 2 2 2 2 2 0 2 1 2 2 2 2 2 2 2 2 2 2 2 0 1 2 2 2 2 2 0 2 0 2 2 0 
d856 0 0 2 0 2 2 0 2 2 2 0 2 2 2 0 2 2 2 2 2 2 2 2 2 2 2 2 2 2 2 2 2 0 2 
d857 2 2 2 2 2 2 2 2 2 2 2 2 2 2 2 2 2 2 2 2 2 2 2 2 2 2 
d858 0 2 2 2 0 1 2 1 2 1 2 1 1 1 2 1 2 2 1 1 2 2 1 1 1 2 1 1 2 0 0 1 1 2 0 1 1 1 1 2 0 1 1 0 2 1 1 
d859 1 1 2 2 2 1 2 2 2 2 2 2 1 2 
d860 0 0 0 0 0 0 1 0 0 2 0 0 2 2 2 2 2 0 2 0 0 2 0 2 0 0 2 2 2 2 2 2 0 0 2 0 2 1 0 0 2 2 2 2 0 0 0 0 0 0 2 2 2 2 0 0 0 1 2 2 2 2 2 0 0 0 2 
d861 0 0 0 1 0 1 0 0 1 1 1 1 0 0 0 0 0 
d862 2 1 0 2 0 2 2 1 1 1 1 2 2 2 1 2 2 1 2 1 2 2 2 1 0 1 1 2 2 1 
d863 0 0 0 0 1 1 1 1 0 0 0 1 1 
d864 2 1 2 2 2 0 0 0 2 2 2 2 2 2 2 0 2 2 2 2 2 
d865 1 2 1 1 1 1 1 1 1 1 1 1 2 1 1 0 0 1 1 1 1 1 1 1 1 1 1 1 1 2 1 1 1 1 1 1 0 2 2 1 1 0 0 1 1 1 1 
d866 0 2 0 0 2 1 1 1 1 0 2 2 1 0 1 1 0 1 0 2 0 0 1 0 0 1 2 0 2 1 2 2 0 0 0 0 
d867 2 0 0 0 2 1 2 1 0 2 0 1 2 2 2 0 0 2 2 2 2 1 0 2 1 1 0 1 0 0 0 0 0 0 1 
d868 2 2 2 1 2 0 2 2 2 2 1 0 2 2 0 2 2 1 2 
d869 2 0 1 2 2 1 0 2 1 1 2 2 2 1 1 1 
d870 2 2 2 2 2 2 0 2 
d871 1 1 0 0 1 1 2 0 1 1 0 0 1 1 2 1 1 1 1 0 1 1 0 1 0 1 0 1 1 
d872 0 0 0 1 1 1 1 1 0 1 1 2 1 1 0 1 1 1 0 1 1 2 0 1 1 0 1 1 0 1 1 1 0 1 1 0 1 1 0 
d873 2 2 2 2 2 2 
d874 1 0 0 1 1 1 1 0 1 0 0 1 1 2 0 1 1 0 1 0 1 1 0 1 0 1 1 1 1 0 0 1 1 1 1 
d875 0 2 0 0 0 0 2 0 2 0 0 2 0 2 0 0 1 0 0 1 0 0 2 2 0 0 1 1 0 0 2 0 0 1 2 2 0 0 2 2 0 2 0 2 0 0 0 0 0 1 1 0 0 0 0 0 2 2 0 2 0 2 0 2 2 0 2 0 
d876 2 0 0 0 0 0 1 0 2 2 0 2 0 0 1 0 0 0 0 0 0 0 2 0 0 0 1 0 2 0 0 0 1 0 0 0 2 1 0 1 2 0 1 0 0 0 1 1 1 0 0 0 0 1 0 0 0 1 0 0 1 0 0 0 0 0 
d877 2 0 1 0 1 0 1 2 1 2 2 1 2 1 0 1 1 0 0 2 2 0 1 0 1 1 0 0 2 1 1 2 1 2 0 1 2 1 0 2 2 0 0 0 0 0 2 0 2 2 2 0 2 1 
d878 2 2 2 2 2 2 2 
d879 0 0 0 2 0 0 0 0 2 2 0 2 2 0 0 2 
d880 0 2 0 2 2 2 0 0 1 2 0 2 0 1 
d881 1 1 1 0 1 0 1 1 1 1 1 1 1 1 1 0 1 0 1 
d882 1 1 2 2 1 1 1 2 1 2 1 2 2 1 2 1 2 2 1 2 1 2 1 1 2 1 2 1 1 2 2 2 1 1 1 2 2 2 2 2 2 2 1 2 2 1 2 2 2 
d883 1 1 1 1 2 2 2 2 1 2 1 2 2 2 1 2 1 
d884 1 0 0 0 2 0 2 
d885 1 1 1 1 2 0 1 1 2 1 0 1 1 1 2 2 1 2 1 1 1 
d886 0 1 1 1 1 0 0 0 
d887 1 2 2 0 0 1 0 1 0 1 0 1 1 0 1 1 1 0 2 0 0 0 1 1 1 0 1 1 0 0 1 2 0 1 1 1 1 1 1 2 0 0 2 1 1 2 1 2 0 0 0 0 0 1 0 1 2 2 2 0 0 1 2 1 0 1 0 1 2 1 2 1 0 0 0 1 1 0 0 2 0 1 2 1 0 0 2 2 0 0 0 0 1 2 0 0 0 2 1 1 2 1 0 0 1 2 0 1 1 0 0 2 0 0 0 2 0 0 0 2 
d888 1 1 0 0 1 1 0 2 0 1 2 0 1 1 1 1 1 1 1 2 1 0 1 1 1 2 2 1 1 1 0 1 0 1 2 1 1 1 1 1 1 0 1 1 0 
d889 0 2 0 2 2 1 0 0 0 0 0 0 2 0 2 0 0 0 0 0 2 0 0 1 2 1 2 1 2 1 0 1 0 0 2 2 0 1 0 1 2 2 2 0 0 0 0 1 
d890 2 2 1 2 2 2 1 2 2 2 2 2 2 2 0 1 2 2 2 0 2 2 2 2 2 2 2 2 2 2 2 
d891 1 2 0 2 2 1 1 2 0 2 2 1 1 1 0 1 2 1 2 2 0 2 2 0 0 0 2 0 1 0 2 0 2 0 0 2 2 0 1 0 1 2 2 2 0 2 0 1 2 2 2 1 0 1 1 2 0 2 2 1 2 1 1 0 2 1 0 1 1 1 2 1 1 2 0 2 1 1 1 2 2 2 2 2 1 0 2 2 0 0 2 1 1 1 1 1 2 2 1 2 2 2 0 1 1 1 0 2 2 2 2 1 2 1 2 1 2 2 1 2 0 0 1 1 1 1 1 1 2 0 2 2 2 1 1 2 1 2 2 1 2 2 1 1 1 1 0 1 0 0 2 1 1 2 2 0 2 1 2 1 0 1 
d892 2 2 1 0 1 2 2 0 0 2 0 0 0 2 0 0 0 2 0 2 1 0 1 0 0 2 2 0 0 0 0 0 0 0 0 2 0 0 0 2 0 0 0 0 2 0 0 0 0 2 0 2 0 0 0 0 2 0 1 1 1 0 0 0 0 1 1 0 0 2 0 0 0 0 0 2 0 0 0 2 1 
d893 2 2 2 2 2 1 1 0 2 1 2 2 2 2 2 2 2 
d894 1 1 2 2 2 2 2 2 2 1 2 2 2 2 1 2 2 
d895 0 0 2 0 0 0 0 0 
d896 2 2 2 2 2 1 2 2 2 
d897 1 2 0 1 2 0 0 0 0 2 1 0 2 0 0 0 0 0 0 2 1 0 0 1 2 0 0 2 1 1 0 0 2 2 1 0 2 0 0 0 0 1 2 0 0 0 2 0 0 2 0 2 2 2 0 0 0 2 0 0 0 2 0 0 0 
d898 2 1 1 1 1 1 2 2 0 2 1 1 1 0 2 0 2 0 2 2 1 1 1 2 2 2 0 1 2 2 1 2 
d899 2 1 2 1 1 0 1 2 1 1 2 1 2 1 1 2 2 1 2 1 1 2 2 1 1 2 2 1 1 1 1 2 1 1 1 1 
d900 2 0 1 2 0 1 2 0 1 0 0 2 2 0 2 2 2 0 0 2 2 0 2 2 1 
d901 1 0 1 2 2 2 1 1 2 1 0 2 2 0 1 2 0 1 1 1 0 2 2 1 2 0 2 2 2 
d902 0 2 2 2 2 1 0 2 2 0 2 2 0 2 0 2 2 0 0 2 0 0 0 0 2 
d903 0 2 2 0 2 0 0 0 2 0 2 2 2 2 0 0 0 0 0 
d904 2 0 2 1 0 2 1 2 0 0 1 2 2 0 2 2 0 2 2 2 0 1 2 2 2 2 1 0 1 0 0 1 1 2 2 0 2 0 0 2 1 1 1 2 0 1 2 0 0 2 2 0 2 2 2 1 2 2 1 
d905 1 1 2 1 1 1 1 1 1 1 1 1 1 
d906 2 0 2 0 2 0 1 0 2 1 2 0 0 2 0 0 0 1 2 0 0 2 1 0 1 0 0 0 2 1 0 2 0 1 1 0 0 0 0 0 1 2 1 0 1 2 0 0 0 1 1 2 0 1 2 1 1 1 0 0 1 
d907 0 0 2 0 2 0 0 2 1 0 0 0 
d908 2 0 2 2 0 2 2 0 2 2 2 2 2 0 2 0 0 2 2 0 0 2 2 0 1 0 0 
d909 1 0 1 1 2 2 2 0 1 2 0 0 2 0 0 
d910 1 1 1 0 2 1 1 1 2 2 2 2 1 1 
d911 1 0 0 0 1 1 1 1 1 1 1 0 0 1 0 1 1 0 1 0 1 0 0 
d912 2 0 2 2 0 2 1 1 0 2 2 2 2 1 2 0 1 0 0 2 1 2 1 2 2 2 2 1 2 0 1 0 1 1 2 1 1 1 2 2 2 1 1 2 1 1 0 1 0 2 2 1 2 0 0 0 2 0 2 2 0 2 1 0 0 1 1 1 1 2 0 0 1 0 1 2 
d913 0 2 0 2 2 2 0 0 2 1 2 2 1 1 1 0 1 1 1 
d914 0 1 2 1 1 0 1 1 
d915 2 1 2 2 2 2 0 1 2 1 2 2 2 2 1 1 2 2 0 1 2 2 2 2 2 2 1 2 1 2 2 2 2 2 0 2 1 2 0 1 2 1 2 0 2 2 1 1 2 2 0 1 2 0 2 2 1 2 1 1 2 2 0 1 2 1 2 1 2 2 2 0 2 1 1 2 2 2 2 2 1 2 0 0 2 2 2 2 1 0 2 2 2 1 
d916 0 0 1 0 0 1 0 0 0 2 0 2 2 2 2 0 2 2 0 2 0 1 2 2 2 0 2 2 0 
d917 2 0 1 1 1 2 2 2 2 2 1 1 2 2 2 1 2 1 1 2 1 2 2 2 2 2 2 2 2 2 2 1 1 1 2 1 1 1 1 1 1 2 2 2 1 2 1 1 1 1 
d918 0 1 0 0 0 1 
d919 0 0 1 1 1 0 1 1 
d920 1 1 0 2 2 1 0 2 0 2 2 2 2 0 0 1 2 2 0 0 1 2 0 2 2 0 2 2 2 1 0 0 0 0 2 0 2 0 0 2 0 
d921 1 2 2 2 1 2 2 
d922 0 0 0 0 0 
d923 0 0 0 0 0 0 0 0 0 0 0 0 0 0 0 0 0 0 0 0 0 0 0 0 0 0 0 0 0 0 0 0 0 
d924 2 0 1 0 1 0 2 2 2 0 2 2 2 0 2 0 0 0 1 0 1 2 1 1 2 1 2 1 0 1 1 2 1 1 1 0 1 1 1 2 2 2 1 1 1 1 1 2 2 0 2 2 2 1 1 0 1 2 1 1 1 0 
d925 0 2 1 2 2 2 0 2 2 2 2 2 2 2 2 1 2 2 2 2 1 0 2 1 2 2 2 2 2 2 2 2 2 2 1 2 2 2 1 2 
d926 2 1 1 2 1 1 1 
d927 0 1 0 2 2 1 2 0 0 2 2 0 1 2 2 0 0 0 2 0 2 0 0 2 1 2 2 0 0 2 2 2 2 
d928 0 0 0 0 0 0 0 0 0 0 
d929 0 1 1 1 1 1 
d930 1 0 0 1 2 1 0 1 0 1 0 1 0 0 1 
d931 0 1 1 1 0 1 2 2 1 1 1 2 1 2 2 2 0 1 0 2 1 1 1 1 2 1 1 1 1 1 1 1 1 1 1 2 0 2 1 1 1 0 2 0 2 1 1 1 2 1 0 
d932 2 1 2 1 2 1 1 1 2 0 1 2 1 0 2 2 1 2 1 2 1 2 0 1 0 1 1 1 0 1 0 0 2 0 0 2 2 2 2 1 1 1 0 2 1 2 0 0 2 0 1 2 1 1 0 1 2 0 1 0 2 
d933 1 0 2 1 1 0 0 2 1 0 1 2 2 1 1 2 1 2 1 1 1 1 1 
d934 1 0 2 2 0 2 0 2 0 0 0 1 
d935 0 1 0 0 0 1 0 0 0 1 
d936 1 1 1 2 2 1 1 
d937 1 1 1 1 1 1 1 1 1 1 1 1 1 1 2 1 1 1 1 1 1 1 1 1 1 1 1 
d938 1 1 1 2 2 1 1 2 1 2 1 1 1 1 1 
d939 1 0 1 1 1 1 2 0 2 2 1 0 1 1 2 2 1 0 2 2 2 0 2 1 1 1 
d940 0 0 0 0 0 0 0 0 0 0 0 0 0 0 0 0 
d941 2 2 0 2 1 0 2 0 2 0 0 0 2 0 2 2 1 2 2 0 1 0 
d942 1 1 0 1 1 0 0 1 1 1 0 0 1 0 1 2 1 1 1 0 1 1 1 1 1 
d943 2 0 0 0 0 0 0 0 1 2 2 0 0 0 0 0 0 0 2 0 1 2 2 2 0 0 2 0 0 0 1 0 0 0 2 0 1 0 0 2 0 2 0 2 0 0 0 2 1 0 2 2 0 0 2 0 0 2 2 0 0 2 0 1 1 0 0 2 0 2 0 2 2 0 0 0 0 0 2 0 0 0 0 0 
d944 2 0 1 1 0 1 1 1 0 1 1 0 0 
d945 1 1 1 0 1 1 1 0 2 0 1 1 0 1 1 0 1 1 1 2 1 1 1 1 0 2 2 1 2 0 1 1 1 1 1 1 1 1 1 1 0 1 1 1 0 1 1 1 1 1 1 0 1 0 1 1 2 1 0 1 1 0 1 0 0 1 1 1 
d946 2 1 1 2 1 2 2 1 1 1 1 2 1 0 2 2 1 1 0 2 2 2 
d947 0 1 1 1 2 0 
d948 0 0 1 0 0 0 2 2 0 1 1 0 0 1 1 0 1 
d949 0 2 0 0 0 0 0 0 0 0 0 0 0 0 0 0 0 0 0 0 0 0 
d950 1 2 0 2 1 0 1 2 1 2 1 1 0 2 0 1 1 1 1 1 1 1 
d951 1 0 0 0 1 1 1 1 
d952 1 0 0 0 0 0 
d953 0 1 0 1 2 2 2 0 0 
d954 2 1 1 2 0 2 2 0 0 1 0 2 0 0 0 0 2 
d955 1 0 0 0 0 
d956 0 0 2 1 2 2 0 2 1 1 0 0 1 0 2 2 1 
d957 0 1 2 1 2 1 1 2 1 1 1 1 2 2 1 1 0 1 0 
d958 1 1 2 2 2 2 1 2 2 1 1 1 2 
d959 0 0 0 1 0 0 1 0 0 0 1 0 1 0 
d960 2 2 2 0 2 0 0 0 0 0 0 0 
d961 1 1 1 2 0 0 2 2 1 2 2 
d962 0 1 0 2 2 1 0 0 0 1 0 0 0 0 0 
d963 1 1 1 1 1 1 1 1 1 
d964 0 2 0 0 2 0 0 0 0 0 0 0 
d965 1 1 2 1 0 0 0 1 0 2 0 
d966 2 0 1 2 0 2 0 
d967 0 2 2 2 0 0 0 2 0 2 0 
d968 2 2 2 1 0 0 0 0 2 0 0 0 
d969 1 1 1 1 1 1 1 
d970 1 2 2 1 1 1 1 1 1 1 2 1 1 1 1 2 1 2 1 1 1 
d971 1 1 1 1 1 1 1 
d972 2 2 2 2 2 2 2 2 
d973 0 0 0 0 0 0 0 0 0 0 0 0 
d974 0 0 0 0 0 0 
d975 1 2 1 2 0 0 2 1 0 2 1 1 0 1 1 2 1 2 2 2 1 2 2 2 1 2 1 1 2 2 1 
d976 0 0 0 2 1 1 0 1 1 1 2 1 1 1 1 1 2 2 0 2 0 1 2 2 1 1 0 0 1 0 0 2 1 2 1 1 1 1 2 2 1 1 1 
d977 1 1 1 1 1 1 1 1 1 1 
d978 2 2 2 2 2 2 2 2 2 2 2 
d979 2 1 1 2 2 1 0 2 1 1 1 1 2 1 1 2 2 1 2 2 1 
d980 0 0 0 2 0 0 0 0 0 0 0 0 
d981 2 0 2 0 2 2 
d982 2 0 0 0 0 2 2 0 0 0 0 2 0 0 1 1 0 0 2 0 0 0 2 0 0 0 
d983 1 1 1 1 1 1 1 1 1 1 0 0 
d984 1 2 1 1 2 0 2 2 2 2 
d985 1 1 0 1 0 1 1 1 1 0 1 
d986 0 2 0 0 0 2 
d987 0 2 1 1 1 1 1 1 1 0 
d988 0 0 0 2 2 0 0 0 0 0 
d989 1 1 0 1 1 1 1 1 1 1 0 1 
d990 0 0 0 0 0 0 
d991 1 2 1 2 1 2 1 1 1 
d992 2 1 2 2 2 2 0 2 0 0 2 2 0 0 2 2 0 0 0 
d993 0 0 0 0 0 
d994 0 1 0 1 2 
d995 2 0 2 2 0 2 2 2 0 2 0 2 2 2 0 0 2 0 2 0 2 0 0 2 
d996 2 1 0 2 2 1 1 1 
d997 2 2 2 2 2 2 2 
d998 1 1 1 1 1 1 1 1 1 
d999 1 1 1 1 0 2 2 2 2 0 1 2 2 2 1 1 1 
d1000 0 0 0 0 0 0 0 0 0 0 0 0 0 0 0 0 0 0 0 0 0 0 0 0 0 
d1001 1 0 1 1 0 0 1 0 1 1 1 1 
d1002 0 1 1 0 1 1 0 0 1 1 1 0 0 1 0 1 1 0 0 1 1 1 0 1 
d1003 1 0 1 0 1 1 1 1 1 1 1 0 1 1 
d1004 0 1 1 1 1 0 1 1 1 1 1 1 1 
d1005 1 0 0 0 0 0 0 1 0 
d1006 1 2 1 1 1 1 1 1 1 
d1007 2 2 2 2 1 2 1 1 2 2 2 2 1 1 2 1 1 2 
d1008 1 1 2 0 1 0 1 0 
d1009 0 0 2 1 0 2 0 2 0 
d1010 0 0 0 0 0 0 
d1011 0 1 0 1 0 0 0 0 0 0 1 2 
d1012 0 1 1 1 1 1 1 1 1 1 
d1013 0 0 0 2 0 0 2 2 0 0 2 
d1014 0 0 0 0 0 
d1015 2 2 2 1 2 
d1016 0 0 2 0 0 
d1017 2 0 0 0 0 2 0 0 0 0 1 
d1018 0 0 0 0 0 0 0 0 0 0 
d1019 1 0 1 0 0 0 1 0 1 0 1 1 0 1 0 1 0 0 1 0 1 1 
d1020 1 1 1 0 0 2 2 0 2 2 2 2 0 2 0 2 0 1 2 1 1 
d1021 2 1 1 2 1 2 2 1 0 2 0 1 1 1 0 1 0 1 1 1 1 0 1 1 1 1 1 1 
d1022 1 2 1 0 1 1 2 1 2 1 1 1 1 2 1 2 1 2 2 2 1 1 1 
d1023 1 0 2 2 1 1 1 1 1 1 1 1 1 2 1 
d1024 2 0 0 0 2 1 1 0 0 0 0 1 0 1 0 0 0 1 1 0 0 0 1 1 0 0 1 1 0 0 0 1 1 
d1025 0 0 0 1 0 0 0 0 1 0 1 0 2 0 0 
d1026 2 2 2 1 0 0 2 2 0 
d1027 1 1 1 1 1 1 1 1 1 1 1 
d1028 1 2 1 2 1 0 2 1 1 2 1 
d1029 2 1 0 2 1 1 2 0 0 
d1030 2 0 1 1 2 1 
d1031 0 2 2 0 2 2 2 0 2 2 2 
d1032 0 0 0 0 0 0 0 1 0 
d1033 1 0 2 0 0 0 0 0 0 0 
d1034 0 2 0 2 2 0 2 2 0 2 1 0 0 0 2 2 
d1035 1 1 1 1 1 2 
d1036 2 2 2 2 2 2 0 1 2 2 2 0 2 2 2 2 0 0 0 2 2 2 0 2 0 2 
d1037 2 1 2 1 0 0 0 0 2 2 0 2 0 0 1 2 2 1 1 0 2 0 0 0 0 1 0 2 2 2 2 1 2 0 2 2 1 0 2 2 1 1 0 1 0 2 2 1 2 2 0 0 2 0 1 2 0 2 2 2 2 1 1 1 1 2 2 0 0 0 1 0 2 1 2 0 0 1 0 2 0 2 1 0 2 0 0 2 0 2 1 2 0 1 0 0 1 0 0 2 2 2 1 0 0 2 0 0 0 2 0 0 2 2 0 0 2 0 0 1 0 2 2 0 0 1 1 0 1 0 0 0 1 0 2 2 2 
d1038 1 2 2 1 0 1 1 1 1 0 1 1 1 2 2 0 1 2 1 1 1 1 1 1 
d1039 1 2 0 1 1 2 0 2 2 2 0 2 0 2 0 2 2 
d1040 0 1 0 1 1 1 2 0 2 0 1 1 0 0 2 2 2 
d1041 0 2 0 1 1 2 
d1042 1 0 2 1 2 2 
d1043 2 0 1 1 0 0 0 
d1044 1 2 2 1 1 1 1 
d1045 1 1 1 1 1 
d1046 1 0 0 0 0 0 0 0 0 
d1047 1 0 2 0 1 0 2 2 2 2 
d1048 1 2 1 1 2 1 2 1 0 1 1 2 1 1 1 1 2 1 1 1 1 1 1 
d1049 2 1 0 1 0 1 2 1 1 0 1 0 0 1 1 1 0 0 
d1050 0 1 0 0 0 0 2 2 2 0 
d1051 1 0 0 0 0 0 1 1 1 1 1 
d1052 2 1 1 2 2 0 0 2 0 0 1 1 0 1 0 0 1 1 0 1 
d1053 0 0 0 1 0 
d1054 2 2 1 1 2 2 1 2 1 2 2 1 2 1 1 2 1 1 
d1055 2 2 2 0 2 2 
d1056 2 0 0 0 0 0 0 2 0 1 0 0 0 0 
d1057 1 1 1 2 1 1 1 1 1 1 1 1 1 1 2 1 1 1 1 1 
d1058 0 1 2 1 0 0 2 2 1 2 1 1 
d1059 1 0 1 0 2 0 1 1 0 
d1060 1 1 2 1 1 1 1 1 1 1 1 1 1 1 1 1 1 1 1 
d1061 2 2 2 2 2 2 2 0 0 2 2 2 
d1062 0 2 2 0 2 0 0 0 2 1 0 0 2 0 0 0 0 2 1 2 0 1 0 0 0 1 0 2 0 2 2 2 0 0 1 0 0 1 0 0 0 1 0 
d1063 1 1 1 2 2 1 1 2 
d1064 1 1 1 1 1 1 1 1 1 1 0 
d1065 0 0 0 0 0 0 0 0 0 0 0 0 0 0 0 0 0 0 0 0 0 
d1066 0 0 0 0 0 0 0 0 0 0 
d1067 1 1 1 1 1 1 1 
d1068 2 2 1 2 1 1 1 2 1 1 1 2 
d1069 1 0 1 1 1 1 1 0 1 1 1 1 1 1 1 2 
d1070 2 2 0 1 1 0 0 1 0 1 0 0 0 0 1 0 
d1071 2 2 2 2 2 2 2 2 2 2 1 2 2 2 
d1072 1 2 0 0 2 2 2 1 2 
d1073 2 0 0 2 1 2 2 2 0 1 1 1 0 0 0 0 0 0 
d1074 1 2 2 1 1 
d1075 0 2 0 2 0 1 0 0 2 0 
d1076 2 1 2 1 2 2 2 2 2 1 2 2 2 2 1 1 2 1 2 1 
d1077 0 0 0 0 0 0 
d1078 0 1 1 0 1 1 0 0 0 
d1079 1 0 0 0 0 0 0 0 0 0 0 0 0 0 0 
d1080 1 2 2 1 2 1 2 1 1 1 1 1 1 2 2 1 1 1 1 1 1 
d1081 1 1 2 0 1 2 2 2 1 1 1 1 2 
d1082 2 2 2 2 2 2 2 2 1 2 0 2 
d1083 2 2 1 1 0 1 2 2 2 2 1 1 2 2 2 1 2 2 1 1 2 2 
d1084 2 1 1 1 2 1 1 1 0 0 0 2 2 0 1 0 2 
d1085 1 0 2 1 0 1 2 1 0 0 2 2 0 0 1 2 0 1 2 1 1 0 1 2 2 0 1 2 1 2 0 2 2 1 1 1 0 2 2 0 2 2 0 
d1086 0 0 1 1 0 0 1 1 0 0 0 0 0 0 1 2 2 1 1 2 2 1 2 1 0 1 0 1 0 1 0 0 2 1 0 0 2 2 2 2 0 1 1 2 2 0 1 1 1 1 2 1 1 0 1 1 0 0 0 0 0 1 1 2 
d1087 2 1 2 2 2 1 2 1 0 1 2 2 2 0 2 2 1 2 2 2 0 2 2 2 2 2 2 2 2 
d1088 1 1 1 1 1 1 1 1 1 1 
d1089 0 0 0 2 0 0 2 0 2 1 1 0 1 0 0 0 0 0 0 0 
d1090 1 1 2 1 1 1 1 1 1 2 1 1 1 2 1 
d1091 1 0 1 1 0 0 0 0 0 0 
d1092 1 1 0 0 1 0 0 1 1 
d1093 0 0 0 0 2 2 2 2 1 1 2 2 2 1 0 2 0 
d1094 1 2 2 1 2 2 
d1095 1 1 2 2 1 2 
d1096 2 2 1 2 2 2 1 2 2 2 2 2 1 2 1 1 1 2 2 2 1 2 2 2 2 2 2 2 
d1097 0 1 1 0 1 0 0 1 1 1 1 0 1 0 1 0 2 0 1 1 1 1 0 0 1 0 1 0 1 
d1098 1 1 1 2 2 0 1 2 2 2 2 1 2 1 1 2 1 
d1099 1 1 1 0 1 1 2 0 
d1100 2 0 0 2 0 0 2 2 0 
d1101 1 1 2 2 2 2 2 2 2 1 2 
d1102 2 2 2 1 0 2 2 2 2 2 0 0 2 2 1 2 2 2 0 0 2 0 2 0 0 0 0 0 0 2 2 2 0 0 2 2 2 2 0 2 0 2 
d1103 1 1 2 0 1 1 2 0 0 2 2 0 2 2 1 0 0 0 2 1 1 1 1 0 1 1 1 2 1 1 
d1104 2 0 0 2 0 0 1 2 0 2 0 
d1105 0 0 0 1 1 0 2 2 0 1 0 1 1 0 2 1 0 0 0 0 2 2 1 1 0 0 2 1 2 0 0 0 0 2 0 2 0 0 0 0 1 1 1 1 0 
d1106 1 2 2 2 2 1 
d1107 1 2 2 1 2 1 1 0 0 1 1 
d1108 0 2 2 0 2 2 0 0 2 2 2 0 
d1109 1 0 0 2 1 0 1 0 2 0 1 0 0 1 0 1 1 1 1 0 2 1 1 1 1 0 1 0 2 0 1 1 1 0 1 1 2 1 2 1 1 
d1110 0 1 1 0 1 0 0 1 0 0 0 1 0 0 0 0 0 2 0 1 0 0 0 0 1 2 2 2 2 1 0 2 0 0 0 0 1 0 1 
d1111 2 1 2 1 0 2 2 1 2 0 2 0 1 0 2 2 1 2 1 1 0 1 0 1 0 1 0 1 1 2 2 0 2 2 
d1112 2 1 2 0 1 2 2 0 2 1 0 2 2 1 1 1 1 0 2 0 0 2 0 2 2 0 2 0 1 2 2 1 1 0 2 1 0 1 1 2 1 1 2 0 1 2 1 2 2 2 2 0 2 2 2 0 1 2 0 2 1 2 2 2 1 1 2 1 0 2 0 0 0 0 0 1 1 2 0 1 1 0 2 2 0 1 1 2 2 2 2 1 2 1 2 1 1 1 0 1 1 2 2 1 1 2 0 2 1 1 2 2 1 2 2 2 1 2 1 2 2 0 1 1 2 1 2 
d1113 1 1 1 1 1 1 2 1 2 2 1 1 2 0 2 1 1 0 2 0 2 1 0 2 2 2 1 2 0 0 0 2 1 2 0 1 2 1 2 2 1 1 1 2 1 2 0 0 2 1 1 1 0 1 1 1 2 2 0 2 1 2 1 2 0 1 1 1 1 1 1 2 1 1 2 0 0 1 0 2 1 1 1 1 2 1 1 1 0 0 2 0 2 1 1 0 1 0 0 2 1 1 0 2 1 1 1 0 1 2 1 0 1 1 1 2 2 
d1114 0 2 1 1 2 1 1 2 2 2 1 2 2 2 2 2 0 1 1 2 2 2 2 2 2 2 1 2 2 2 2 1 2 2 2 1 2 2 2 2 2 1 2 2 2 
d1115 1 0 0 1 0 0 0 1 1 
d1116 2 2 1 2 2 2 0 0 0 2 0 2 0 2 2 0 1 0 2 0 2 0 0 0 0 2 
d1117 0 1 1 1 1 1 0 0 1 1 0 0 0 1 1 2 0 0 1 2 2 2 0 0 0 2 1 1 0 0 1 0 
d1118 1 2 1 1 2 2 1 1 1 2 0 1 0 1 1 2 0 1 1 2 1 
d1119 2 0 2 2 2 1 2 0 2 2 2 0 2 0 2 2 1 2 0 0 2 2 0 2 2 1 2 2 0 2 2 0 0 1 2 2 2 0 2 2 1 2 1 2 1 0 2 2 2 0 2 0 2 2 2 2 0 2 0 2 0 2 0 2 2 1 2 0 2 2 2 0 2 1 0 0 0 0 2 2 2 2 2 2 0 2 2 0 2 2 0 0 2 0 2 
d1120 1 0 1 2 1 0 1 1 1 2 0 0 2 1 1 2 0 0 0 0 0 1 1 1 0 0 0 0 0 2 0 0 0 2 1 0 0 2 2 0 0 1 2 1 0 2 1 0 2 2 0 0 2 0 1 1 2 0 0 2 0 1 0 0 1 2 1 1 0 0 2 1 2 2 1 1 1 1 0 0 2 2 2 2 2 1 0 1 0 0 2 1 2 0 2 2 2 0 2 2 2 2 2 1 0 0 0 1 1 2 2 2 0 2 2 2 2 1 1 0 0 1 1 1 2 1 2 1 1 1 0 1 0 0 2 2 1 0 0 1 0 1 0 1 0 0 2 2 0 1 2 2 2 2 2 0 2 0 2 1 0 1 1 1 0 2 0 0 2 0 2 1 2 0 0 2 1 1 2 0 2 0 2 0 2 0 0 0 0 0 2 0 0 
d1121 2 2 1 2 1 1 0 2 2 2 2 1 2 2 2 2 1 0 2 0 
d1122 0 0 0 0 0 0 0 0 0 0 0 0 0 0 0 0 0 0 0 
d1123 1 1 2 2 1 2 1 1 1 1 1 2 1 1 2 1 1 1 1 1 1 1 
d1124 2 2 1 0 0 1 2 1 1 0 1 0 0 1 1 2 0 1 2 1 0 2 1 2 2 1 2 1 2 2 0 2 1 2 0 1 1 2 1 
d1125 2 2 2 2 1 1 2 2 1 2 2 2 1 2 0 1 0 1 2 0 2 2 1 1 1 2 2 2 2 1 1 1 2 1 1 0 2 2 2 2 2 1 2 2 1 1 2 1 2 
d1126 0 2 0 2 2 2 1 0 0 
d1127 0 1 0 0 0 0 
d1128 2 0 0 0 0 
d1129 2 2 2 2 2 2 2 2 2 0 2 2 0 2 0 2 2 0 2 2 2 2 0 2 2 2 2 2 0 2 2 2 0 
d1130 2 2 1 2 1 2 1 1 1 1 1 2 1 2 1 1 2 2 1 1 1 1 1 2 2 
d1131 1 1 1 1 2 2 1 1 1 1 
d1132 1 2 1 1 2 0 2 2 1 2 1 1 0 0 2 2 
d1133 0 1 2 1 1 2 2 2 2 1 1 2 0 0 0 1 0 0 0 2 
d1134 2 1 1 2 1 1 1 1 2 1 1 2 2 1 2 1 0 0 1 2 1 2 
d1135 1 0 1 1 1 2 1 2 0 1 1 1 2 1 0 1 1 
d1136 1 1 1 1 1 1 0 1 1 1 0 0 1 0 0 1 
d1137 2 0 2 2 0 0 0 0 
d1138 1 0 1 0 1 1 0 0 1 1 1 0 0 1 1 1 0 0 0 1 0 1 1 
d1139 0 0 2 1 0 0 0 0 0 0 0 0 0 1 1 0 0 1 0 0 0 1 0 
d1140 1 0 0 0 2 0 1 0 0 1 0 2 2 0 2 2 2 1 1 1 0 1 1 2 0 1 2 0 1 2 0 1 0 2 0 1 2 0 2 2 1 1 1 0 2 1 0 2 2 1 2 2 2 0 2 0 0 1 2 2 0 1 2 1 2 1 0 1 2 1 1 1 1 0 1 2 0 1 2 1 1 0 2 0 2 0 0 1 2 1 0 1 2 0 0 1 2 0 2 0 0 1 2 1 1 2 0 1 0 2 2 1 2 
d1141 0 1 2 0 0 0 0 2 0 2 0 1 1 
d1142 1 2 1 0 2 0 1 1 2 0 2 1 1 2 2 2 0 1 0 0 0 1 2 2 2 0 1 2 2 2 0 2 2 2 0 0 0 0 2 2 2 
d1143 0 1 2 2 1 1 2 1 0 2 2 2 1 0 2 1 1 2 2 2 1 2 2 2 2 
d1144 2 2 2 2 0 0 1 
d1145 1 0 1 0 0 1 1 0 1 0 0 
d1146 2 2 2 2 2 2 2 2 1 2 2 2 2 0 2 2 2 2 
d1147 1 2 2 2 1 1 1 2 0 1 1 1 1 1 1 2 1 2 1 1 1 1 1 1 2 2 1 1 1 2 2 1 0 1 1 1 1 2 2 1 
d1148 0 0 0 1 0 1 1 0 0 0 0 
d1149 0 2 0 1 0 2 2 1 1 2 2 2 2 2 1 2 0 2 2 1 0 0 2 1 2 2 2 0 2 0 0 1 2 0 2 0 2 1 0 2 0 0 2 2 2 0 1 0 2 2 2 1 2 2 2 0 1 0 0 0 1 2 2 0 1 0 0 2 0 
d1150 2 2 0 0 2 1 1 0 2 1 0 2 0 1 1 0 0 2 2 2 1 1 0 1 0 0 0 2 1 1 2 2 1 0 0 0 0 2 1 2 2 0 0 2 1 1 0 0 2 1 2 2 2 1 0 2 2 2 2 1 1 1 1 0 0 1 2 0 0 1 0 2 0 0 1 1 0 2 1 2 0 0 0 0 0 0 2 2 2 0 1 2 0 1 1 1 1 0 2 0 1 0 2 0 1 1 0 0 1 2 0 2 0 0 0 2 0 2 
d1151 0 1 0 1 2 2 0 0 0 2 2 2 0 2 2 1 0 1 2 1 2 0 1 0 2 2 0 1 1 2 2 2 2 2 2 0 0 0 1 1 1 
d1152 2 0 1 1 0 1 0 1 0 0 1 1 0 0 1 1 0 1 1 0 1 1 1 1 2 0 1 1 0 0 1 0 1 1 1 2 2 1 1 1 2 0 2 1 1 1 1 1 1 0 2 1 1 2 0 1 1 1 1 
d1153 0 1 0 0 2 0 0 0 0 0 1 0 0 
d1154 0 2 2 2 1 0 1 2 2 2 1 0 1 2 1 2 2 1 2 0 1 1 2 2 1 1 2 2 1 1 2 0 2 
d1155 0 2 1 0 0 1 0 1 2 1 1 1 0 0 0 0 
d1156 1 0 1 0 0 0 0 0 2 0 1 1 0 0 1 1 1 1 1 1 0 0 0 0 0 0 0 0 0 0 
d1157 2 2 1 2 1 2 2 1 1 
d1158 2 2 2 2 1 2 2 2 2 1 1 2 2 2 1 2 1 2 1 1 1 
d1159 2 2 2 2 2 2 2 2 2 2 2 2 2 
d1160 1 2 0 0 0 2 2 0 0 2 0 
d1161 2 0 0 0 2 2 2 2 2 2 0 
d1162 2 1 0 0 0 0 0 1 0 0 0 0 0 1 0 2 
d1163 2 1 2 2 1 2 2 2 
d1164 2 1 1 1 2 2 2 1 1 0 1 2 2 2 2 1 1 2 0 2 0 0 0 2 2 2 1 0 1 0 
d1165 1 0 0 0 2 1 2 2 2 0 1 1 1 1 0 1 0 2 0 1 1 0 2 2 1 0 1 0 0 1 1 0 0 1 0 1 1 2 2 1 2 2 0 0 1 2 2 2 0 2 2 2 0 2 1 2 1 1 0 0 1 2 2 0 2 2 0 2 2 2 2 0 1 1 2 1 1 2 0 0 0 2 2 0 1 2 0 0 0 2 1 0 0 1 0 1 2 1 1 2 2 2 0 1 0 1 2 2 2 1 0 2 1 2 2 2 1 0 1 0 1 2 1 2 2 1 1 1 1 1 0 2 2 2 0 2 1 2 0 2 1 1 0 1 1 1 1 1 1 2 1 0 1 
d1166 2 1 1 1 2 2 2 1 0 1 1 2 2 1 1 2 1 2 0 0 0 2 2 0 1 0 2 2 0 1 1 2 1 0 2 2 0 0 2 2 1 1 1 0 1 0 2 1 2 2 1 1 0 0 0 1 2 1 0 1 0 2 2 2 0 2 0 0 2 0 1 1 1 1 2 2 1 1 0 0 1 2 2 2 2 0 2 1 1 1 2 0 1 1 1 1 1 1 0 2 0 0 1 1 1 1 1 1 2 1 0 1 0 1 1 1 
d1167 2 1 0 0 0 2 1 2 0 1 1 2 1 1 2 2 1 1 0 1 2 1 1 2 2 0 0 2 0 2 2 0 0 1 1 0 0 0 0 0 1 1 0 0 2 2 1 2 1 0 2 2 1 2 1 2 1 2 1 0 0 0 2 2 1 2 2 1 2 1 0 0 1 2 1 
d1168 1 0 0 0 0 0 1 1 1 0 1 
d1169 2 2 1 1 1 1 2 1 0 2 1 2 1 1 1 1 
d1170 1 0 1 1 1 0 0 1 0 1 0 1 1 0 0 1 0 0 1 0 1 2 0 0 2 0 1 1 0 0 0 1 1 1 0 1 0 2 0 1 1 1 1 0 0 1 2 0 1 0 0 1 1 2 1 0 1 1 0 1 0 0 1 1 1 1 1 2 0 0 0 1 1 1 1 1 0 0 0 1 0 1 1 1 1 1 0 0 1 1 1 1 2 0 1 0 1 1 0 1 0 1 0 0 1 1 1 0 1 1 1 0 1 1 1 1 0 1 1 
d1171 2 1 1 0 0 0 2 1 1 1 0 2 1 1 2 1 2 2 2 0 1 2 1 2 2 1 1 1 1 1 1 1 1 1 1 0 
d1172 2 1 1 1 1 1 1 1 1 1 
d1173 0 0 0 2 0 0 0 0 0 0 
d1174 1 0 1 0 0 2 0 0 0 1 1 0 1 1 0 0 1 0 0 0 1 0 0 0 0 0 0 1 0 1 1 1 1 0 0 0 0 1 0 0 0 1 1 0 1 1 1 0 0 1 0 0 0 1 1 0 1 0 1 0 0 0 2 1 1 1 1 0 2 1 1 1 0 0 0 1 0 0 1 
d1175 2 1 0 2 1 2 1 1 1 0 1 1 0 0 0 1 1 2 1 
d1176 1 0 2 1 1 1 1 0 2 0 0 2 2 2 1 2 1 2 1 2 0 2 1 1 2 
d1177 1 0 2 0 1 1 1 1 1 0 0 1 2 0 2 2 2 2 2 2 1 1 2 1 2 2 1 2 1 1 1 2 2 1 2 0 2 1 1 0 2 2 1 2 1 1 2 1 2 0 2 1 0 1 2 1 2 1 1 1 2 0 1 0 1 1 0 0 1 0 1 1 1 2 1 2 1 1 2 1 1 0 1 1 1 1 1 1 1 1 0 0 0 1 1 
d1178 1 1 2 1 1 1 1 1 1 2 2 1 1 1 1 1 1 2 2 1 1 0 2 1 0 1 2 1 
d1179 1 1 2 1 1 2 1 1 1 1 1 
d1180 1 2 2 1 1 1 2 2 1 1 1 1 1 1 1 1 2 1 1 2 1 2 1 2 1 1 1 2 1 2 2 1 1 1 2 2 1 2 1 1 1 1 1 1 1 1 1 1 1 1 1 1 1 1 1 1 1 1 1 1 1 1 
d1181 2 1 1 2 1 2 0 1 1 2 0 0 2 1 2 0 1 0 1 1 1 1 0 2 1 1 
d1182 2 1 1 1 1 1 1 2 1 1 1 0 0 1 1 1 1 1 1 1 1 2 2 2 2 1 2 2 2 1 2 2 1 1 2 1 1 1 1 1 2 1 1 1 1 1 2 1 2 1 1 2 1 1 0 2 1 1 2 2 1 2 1 0 1 2 1 1 1 2 1 1 1 2 
d1183 0 2 1 1 1 0 1 0 1 1 1 1 1 
d1184 1 1 1 0 0 2 2 2 2 1 2 2 2 2 2 2 2 1 1 1 0 2 2 1 1 1 1 0 0 0 2 2 2 2 0 1 1 2 2 0 2 1 1 0 1 2 1 2 
d1185 1 1 1 1 1 2 1 1 1 1 2 2 2 1 2 2 1 1 1 1 1 1 1 1 1 1 1 1 1 1 1 
d1186 1 1 1 1 2 1 2 1 2 2 1 1 1 1 1 1 2 1 2 1 1 
d1187 0 2 2 1 1 0 1 2 1 2 1 1 0 0 2 2 1 1 1 0 0 1 1 1 1 1 1 0 1 0 0 1 1 1 1 1 1 1 1 1 2 1 0 1 2 1 1 1 1 2 1 1 1 2 0 2 1 1 1 1 1 1 1 1 0 0 1 1 1 1 0 
d1188 0 2 0 2 0 2 0 2 2 0 0 0 0 0 2 0 2 1 2 
d1189 1 1 2 1 1 2 2 1 2 2 2 1 1 1 2 2 2 2 1 1 1 1 2 1 1 1 
d1190 0 1 2 0 1 1 1 1 1 1 1 1 1 1 1 1 1 0 1 1 
d1191 1 2 1 1 1 0 0 1 0 1 2 1 1 2 1 1 1 1 1 1 1 2 2 0 2 1 2 2 1 2 2 2 2 2 2 2 0 2 1 1 1 1 1 2 2 2 2 2 1 2 2 2 2 1 2 1 2 2 1 1 0 1 2 2 2 1 1 2 1 2 1 1 1 1 1 1 1 1 1 2 2 1 2 1 1 2 1 1 1 2 1 1 1 1 1 2 2 1 1 1 2 1 1 2 2 1 2 2 1 2 1 2 1 1 1 1 2 1 2 2 1 1 2 1 1 2 1 1 2 1 1 2 2 2 2 1 2 1 2 2 2 1 
d1192 2 0 0 2 0 0 1 2 0 2 0 0 0 0 0 1 1 2 2 0 0 2 0 1 1 2 0 2 2 0 0 0 1 1 2 1 2 0 2 2 2 1 2 2 2 2 2 0 0 0 1 0 0 0 0 0 2 2 0 2 0 
d1193 2 2 1 1 1 0 0 2 1 1 2 0 2 2 2 0 0 1 2 2 1 2 2 0 2 0 2 0 0 2 2 0 0 2 0 0 1 1 0 2 2 0 2 0 2 2 1 2 0 2 0 1 2 0 0 0 0 0 0 2 2 1 2 0 0 2 2 1 2 
d1194 0 0 1 1 2 0 2 0 2 1 1 0 0 0 1 2 0 1 0 2 1 2 1 0 1 0 0 2 0 2 1 0 0 1 2 1 0 0 1 1 0 0 0 2 1 2 2 1 0 0 1 2 0 0 2 0 0 0 2 0 1 1 1 1 0 0 0 1 1 1 
d1195 1 0 0 1 1 1 1 1 1 0 2 1 0 1 1 0 0 1 1 1 0 1 1 0 1 1 2 0 2 0 2 0 0 1 1 1 1 1 1 0 2 0 0 2 2 1 1 2 0 1 0 2 2 2 2 1 0 0 0 1 1 0 2 2 1 2 1 0 1 2 2 0 1 1 2 1 1 1 2 0 0 0 0 2 2 2 1 2 2 2 2 2 2 2 
d1196 2 1 1 1 0 1 1 2 1 2 2 2 1 1 1 2 1 1 2 0 1 1 2 1 1 1 1 1 2 2 1 1 1 1 1 1 2 1 1 2 1 2 1 2 2 2 1 2 2 2 1 2 1 1 2 1 2 1 2 
d1197 2 2 2 1 0 2 0 2 0 2 2 2 2 2 2 2 2 1 1 1 1 2 2 2 2 1 2 1 1 0 0 1 2 2 2 1 2 2 1 2 0 1 2 0 2 2 2 1 2 2 1 1 2 1 0 2 1 
d1198 2 2 2 2 2 2 2 2 2 2 2 2 2 2 2 2 
d1199 2 2 2 2 0 2 2 0 2 2 2 2 2 2 2 0 2 0 2 2 0 0 2 2 2 2 2 2 2 0 0 2 2 2 2 2 2 2 2 0 2 2 0 2 2 2 2 0 2 1 2 2 2 0 2 2 2 2 
d1200 1 0 0 2 2 0 2 2 1 1 1 2 2 2 2 2 0 2 2 1 2 1 1 2 2 1 2 2 2 1 1 1 1 2 2 2 1 1 0 2 0 1 2 2 0 0 1 0 1 1 0 0 1 2 0 2 2 1 0 2 1 1 0 2 0 1 2 
d1201 2 1 1 1 2 1 2 1 2 1 1 1 1 1 2 2 1 2 1 2 2 1 2 2 1 1 
d1202 2 0 1 0 2 0 2 0 0 1 2 0 0 0 2 0 0 2 
d1203 1 0 1 1 1 1 2 0 1 2 1 1 1 1 1 0 0 1 0 0 1 1 1 1 1 1 0 1 0 1 1 1 1 1 1 1 0 1 0 0 1 1 1 1 2 1 2 1 2 1 1 0 1 1 1 1 0 0 1 2 0 2 1 1 1 1 1 1 2 1 1 0 1 2 1 1 2 1 1 2 0 1 1 1 1 1 
d1204 2 2 2 1 0 0 2 0 2 0 2 0 2 2 0 2 2 2 2 2 0 2 2 2 0 2 1 0 2 2 2 2 2 2 0 0 2 2 2 0 2 0 0 0 2 2 2 0 2 0 2 2 2 0 0 2 
d1205 2 1 2 0 2 2 2 2 0 2 2 2 2 2 0 
d1206 0 2 2 1 2 2 1 2 2 0 2 2 2 1 1 0 2 2 2 2 2 0 2 2 1 
d1207 2 2 1 2 1 0 2 2 1 2 2 2 2 1 2 2 2 1 2 2 2 1 2 2 1 1 2 1 2 0 2 2 2 2 1 2 2 2 2 2 2 2 2 2 2 2 1 2 2 2 2 2 2 1 2 1 2 2 2 1 1 2 2 2 2 2 2 2 1 2 2 2 0 1 2 2 2 0 2 2 2 1 2 2 2 2 2 1 2 2 
d1208 0 1 1 2 0 2 1 1 0 0 0 2 2 0 1 0 0 1 0 1 0 1 2 0 1 1 0 1 1 2 0 1 2 0 0 0 0 0 1 0 1 1 1 0 0 0 0 0 2 1 2 1 2 1 0 0 2 0 0 1 0 2 1 0 0 1 0 0 2 0 1 2 2 1 1 2 2 2 1 2 1 1 2 0 1 2 0 0 1 0 0 1 1 1 0 1 1 0 1 1 0 1 
d1209 0 0 0 0 0 0 0 1 0 2 2 1 1 0 2 2 2 0 0 1 1 2 
d1210 2 0 2 1 2 0 1 1 0 1 1 1 1 1 2 1 1 0 1 1 1 1 0 0 2 2 1 2 1 0 2 1 1 0 1 2 1 1 1 1 1 0 2 2 1 2 1 1 
d1211 1 0 1 1 1 0 1 0 1 2 1 0 2 2 1 0 
d1212 2 2 1 1 1 1 1 2 1 1 1 1 1 1 2 
d1213 2 2 2 2 0 2 0 2 0 2 0 2 2 0 2 2 0 2 2 2 2 2 2 0 2 
d1214 2 0 2 2 1 2 2 1 2 1 2 2 0 1 2 1 
d1215 0 2 0 0 1 0 1 0 1 1 0 2 1 0 2 0 0 2 0 1 0 0 1 2 0 1 0 1 2 0 1 1 1 0 1 0 1 1 2 2 0 0 1 2 2 2 1 1 2 0 0 0 0 1 1 0 1 0 1 0 1 1 1 2 0 1 1 1 1 1 1 1 1 0 1 0 1 0 1 1 2 0 0 2 2 2 0 0 0 0 0 1 0 1 1 2 2 0 2 2 0 1 1 2 1 0 1 0 0 0 1 1 0 2 0 1 2 0 0 0 0 0 2 0 1 0 1 2 0 2 0 0 2 1 0 2 2 2 
d1216 0 2 1 1 1 1 1 2 2 2 1 2 0 1 2 2 1 1 2 1 2 2 1 0 2 2 1 1 0 1 0 1 
d1217 2 2 2 2 0 1 0 2 2 0 0 2 1 2 1 2 2 0 2 1 0 0 1 1 0 2 0 2 0 0 1 2 1 2 0 1 0 0 2 2 2 2 2 2 2 0 1 1 1 2 2 1 2 2 2 1 0 2 1 1 0 0 2 2 1 1 2 2 2 1 2 1 1 1 0 2 1 2 2 1 1 0 0 2 2 1 1 2 2 2 1 1 0 2 2 1 2 0 0 2 2 1 1 1 1 2 1 2 2 2 1 1 2 2 1 2 1 0 1 2 2 1 2 1 1 1 0 0 0 0 2 2 1 2 1 1 1 0 1 2 1 2 2 1 2 2 1 2 1 0 2 2 2 2 2 2 2 2 1 2 2 1 
d1218 0 2 0 2 0 2 2 
d1219 2 2 2 2 2 2 2 0 2 
d1220 0 1 1 1 1 1 1 1 1 1 0 1 0 1 0 0 0 1 0 1 1 1 1 1 1 1 1 1 1 1 0 1 1 1 1 1 1 1 1 1 1 1 1 0 1 1 1 1 0 
d1221 1 1 2 1 1 1 1 1 1 1 2 1 1 2 1 1 0 1 1 1 1 1 2 1 1 1 1 1 1 1 1 1 
d1222 2 0 0 1 2 2 2 2 0 0 2 2 0 1 1 0 0 2 0 0 2 1 1 2 0 2 0 0 2 0 2 1 1 0 1 1 1 1 2 2 0 0 2 0 1 0 
d1223 1 2 1 0 1 1 0 2 0 0 1 2 0 2 2 1 0 2 2 2 2 2 2 1 1 1 1 2 2 0 2 0 1 1 2 0 0 2 2 2 2 2 0 0 2 1 2 2 2 0 2 0 1 0 0 1 2 2 2 2 2 0 1 0 0 2 0 2 2 2 1 2 0 0 1 2 2 2 2 1 0 0 2 1 0 1 2 2 2 2 2 2 1 2 0 2 0 1 0 0 2 2 2 0 2 2 1 2 2 2 2 0 0 2 2 2 0 
d1224 1 2 2 0 2 2 0 0 0 0 2 2 0 0 0 0 2 0 0 2 2 0 
d1225 1 2 2 2 2 2 2 2 2 
d1226 1 2 1 1 1 1 1 1 0 1 2 1 1 
d1227 2 0 2 2 2 2 2 2 2 2 2 2 2 2 2 2 2 2 2 2 
d1228 0 0 0 0 0 0 0 0 0 0 0 0 0 0 0 0 0 0 0 
d1229 2 1 1 2 2 1 2 1 1 2 1 1 2 2 2 1 2 1 1 2 1 1 1 2 2 1 1 2 1 2 2 2 1 2 2 1 2 1 1 2 2 
d1230 0 0 0 0 0 2 0 0 0 0 0 2 0 2 0 0 0 0 0 0 0 0 0 0 0 1 
d1231 1 1 0 1 1 2 1 1 0 1 0 1 2 2 1 0 0 0 2 0 0 0 0 1 2 2 2 1 1 1 1 1 1 2 1 0 0 2 0 1 0 0 0 0 2 1 0 1 
d1232 1 1 2 2 1 1 0 1 0 1 1 1 2 0 0 0 0 0 1 2 1 1 2 0 1 
d1233 1 0 1 1 2 1 1 2 1 1 2 
d1234 2 2 2 2 1 1 2 2 1 2 1 2 2 2 2 2 2 2 2 2 2 2 2 1 2 1 2 2 2 1 2 1 2 1 2 2 2 2 2 1 1 2 1 
d1235 0 2 2 2 0 0 2 0 0 1 1 1 0 0 0 2 0 2 2 0 0 0 
d1236 1 1 1 0 1 2 1 1 1 1 2 2 0 2 0 1 1 0 0 2 0 1 1 0 
d1237 0 2 0 0 2 0 2 2 
d1238 1 1 1 1 1 1 1 1 1 1 1 1 1 
d1239 2 2 2 1 2 2 0 1 2 1 2 0 1 
d1240 1 1 1 1 2 1 2 2 1 1 1 
d1241 2 2 2 2 2 2 2 2 2 2 2 2 
d1242 2 2 0 0 0 2 0 2 2 2 2 0 0 0 2 2 2 2 0 0 0 0 0 0 2 0 0 2 1 2 2 0 2 
d1243 1 1 2 2 1 2 2 2 2 2 2 
d1244 0 0 1 1 1 1 1 0 1 2 1 
d1245 0 1 0 1 1 1 
d1246 0 1 0 0 1 1 0 1 0 1 0 1 1 1 1 1 1 0 1 0 1 1 1 1 0 0 0 0 1 0 0 0 1 0 0 1 0 0 1 1 0 1 1 1 0 1 0 0 
d1247 2 0 0 2 2 1 2 2 0 2 2 0 0 2 2 2 0 2 0 0 0 
d1248 2 1 2 2 2 2 1 0 1 2 2 2 1 2 2 2 2 1 2 1 2 2 2 2 2 2 1 2 2 2 0 1 2 2 1 2 1 2 2 0 
d1249 1 1 2 0 2 2 1 0 2 1 1 0 
d1250 1 1 1 0 0 1 0 1 0 0 0 1 0 1 0 1 1 1 1 1 1 1 1 1 1 1 0 0 0 0 0 1 1 0 1 1 1 
d1251 2 2 2 1 0 2 2 2 2 2 2 2 2 2 0 
d1252 1 0 0 0 1 0 0 1 0 0 0 0 0 2 1 0 0 0 0 1 0 1 0 0 0 1 0 2 0 0 2 1 2 2 1 2 0 0 2 1 0 0 1 1 0 2 1 0 0 0 0 0 2 2 2 2 0 1 2 0 0 0 2 0 0 2 
d1253 0 0 2 0 0 0 0 
d1254 0 0 2 2 0 1 0 0 0 0 
d1255 1 0 1 0 0 1 1 1 1 1 0 1 1 1 1 
d1256 1 1 0 2 1 1 1 1 1 1 0 1 1 2 1 1 1 
d1257 2 2 1 1 1 1 2 1 1 0 1 1 1 2 1 1 1 1 2 1 2 2 2 1 2 0 1 2 2 1 1 1 1 1 0 1 1 1 1 2 
d1258 0 0 1 1 0 1 2 0 2 0 0 0 0 
d1259 0 0 2 0 0 2 1 2 
d1260 0 1 2 1 2 0 0 0 1 1 0 0 2 1 2 1 2 2 1 1 2 1 2 1 2 2 2 2 
d1261 2 0 2 0 0 0 0 2 1 2 0 1 1 0 2 2 0 0 1 1 2 1 2 0 0 1 2 0 2 0 2 0 1 0 0 2 2 0 2 0 0 
d1262 2 0 2 0 2 1 1 1 1 2 
d1263 1 2 1 2 0 2 1 1 2 2 2 1 2 1 1 2 0 1 1 0 2 0 1 2 1 2 1 1 0 1 1 1 1 1 1 1 2 1 
d1264 0 2 2 0 2 0 2 0 0 1 0 0 0 0 0 0 
d1265 1 1 1 1 1 1 0 1 1 1 1 1 1 2 1 1 2 1 2 1 2 2 1 1 2 1 2 1 1 2 
d1266 0 1 1 0 1 2 0 0 2 1 2 1 1 0 0 
d1267 0 2 0 2 2 2 2 2 2 2 0 2 0 2 2 2 0 0 2 0 
d1268 0 2 2 2 2 2 2 2 2 
d1269 1 1 2 0 1 1 1 2 1 1 1 2 1 1 2 1 2 2 2 1 2 1 1 2 2 1 2 1 2 
d1270 2 2 0 0 1 2 0 1 1 2 1 2 1 2 1 2 1 2 2 1 2 1 2 2 1 1 2 1 1 0 2 1 1 2 1 2 0 1 1 0 0 2 1 1 2 2 1 1 1 
d1271 2 0 0 0 0 2 0 0 0 1 0 0 2 0 0 2 0 0 0 0 0 0 0 
d1272 0 1 1 1 0 1 2 0 0 2 2 2 2 1 1 1 2 0 
d1273 0 0 0 2 0 1 2 0 0 2 0 0 0 0 0 0 0 0 0 
d1274 2 1 1 2 1 1 2 1 1 2 1 1 2 1 1 2 2 1 1 1 1 1 2 
d1275 2 2 1 2 2 0 2 0 0 1 2 2 0 2 2 0 2 2 2 2 0 2 2 2 2 0 2 0 2 2 2 0 2 2 2 2 0 0 2 2 2 
d1276 1 0 0 0 2 0 1 0 1 0 0 0 1 0 0 0 0 0 2 2 1 0 0 2 0 2 0 2 0 1 2 1 0 0 2 2 0 0 0 0 2 2 0 2 0 2 2 2 2 0 2 0 2 0 0 0 2 0 0 0 0 0 0 0 0 2 1 0 0 2 2 2 0 2 2 1 1 0 0 2 0 2 0 0 1 0 0 1 0 0 0 0 0 0 0 2 0 0 1 0 2 0 0 1 0 0 0 1 0 2 0 0 2 0 0 
d1277 0 0 0 1 1 0 1 0 1 1 1 1 
d1278 2 2 1 0 0 2 0 2 1 0 1 1 2 0 2 1 1 2 2 0 2 2 2 0 0 0 2 1 1 0 2 1 2 1 1 0 2 2 2 1 1 0 0 2 1 0 2 1 0 2 1 1 0 
d1279 2 2 2 2 2 2 2 2 2 2 2 2 2 2 2 2 2 2 2 2 2 2 2 2 
d1280 0 0 1 1 1 1 1 1 1 1 0 1 1 0 2 2 0 1 1 1 0 0 1 0 1 1 1 1 1 1 1 1 1 0 1 0 1 0 1 0 1 1 1 1 0 1 1 1 1 0 1 0 1 1 
d1281 2 0 2 1 2 0 2 0 2 0 2 2 2 
d1282 2 1 2 2 2 1 2 2 1 1 2 1 2 2 1 2 2 
d1283 1 1 0 0 1 2 0 2 0 1 2 1 2 0 1 1 1 0 0 2 1 1 
d1284 0 0 2 2 0 2 2 0 2 2 2 2 2 0 2 2 0 2 2 2 2 2 0 2 2 0 2 0 0 0 
d1285 1 1 1 1 2 0 2 2 2 1 2 1 1 2 2 1 0 2 0 2 2 0 1 2 2 2 1 2 1 1 1 2 2 2 2 2 2 1 1 2 2 2 2 2 2 
d1286 2 0 1 2 2 2 0 2 2 1 2 1 1 1 0 1 2 1 1 1 1 1 1 2 0 1 1 0 0 0 1 2 2 0 0 1 2 1 0 1 2 0 2 2 1 0 1 0 0 2 1 2 0 1 0 1 1 2 0 0 0 2 0 1 0 0 1 1 0 1 1 1 0 1 1 2 1 1 2 0 0 0 1 1 1 1 
d1287 2 2 2 2 2 2 0 2 2 2 0 2 2 2 2 0 2 2 2 2 2 0 2 0 2 2 2 2 2 2 0 2 2 2 2 2 2 2 2 2 2 2 2 2 2 2 2 2 2 2 0 2 2 2 0 2 2 2 2 0 2 2 0 2 2 2 2 2 0 2 2 2 0 2 2 2 0 2 2 0 2 0 2 0 2 2 2 2 0 0 2 0 2 2 0 2 2 2 0 0 2 2 2 2 0 0 2 2 0 0 2 2 2 2 2 2 2 2 0 2 2 2 2 2 0 
d1288 0 0 0 0 0 1 1 0 0 0 1 1 1 1 0 0 1 0 0 0 0 1 0 0 1 2 0 0 1 0 1 0 0 2 0 0 0 
d1289 2 2 0 0 2 2 0 2 0 0 2 2 2 2 2 2 0 
d1290 1 2 2 1 1 1 1 2 
d1291 2 1 0 0 0 2 2 0 0 2 2 2 2 
d1292 1 2 0 0 2 2 2 2 0 2 0 2 
d1293 2 2 2 2 2 2 2 1 2 2 2 2 2 1 2 
d1294 0 2 1 2 2 2 2 2 2 0 2 2 2 2 2 2 
d1295 1 2 2 1 1 2 2 
d1296 0 2 2 2 2 1 0 2 0 1 2 1 1 2 2 0 1 1 0 0 0 0 2 2 2 0 2 2 2 1 2 0 0 2 2 2 0 2 0 1 2 0 2 0 2 0 1 2 0 2 
d1297 2 2 2 0 2 1 1 2 2 2 2 1 1 
d1298 2 0 0 0 0 0 0 0 0 0 0 0 0 0 
d1299 1 0 1 2 2 1 0 1 2 2 1 2 2 1 2 1 1 2 1 2 2 0 0 0 0 2 0 0 0 0 2 2 0 0 2 1 2 2 2 0 0 0 0 2 2 2 0 1 0 0 1 0 
d1300 2 1 0 1 2 1 2 1 2 2 1 2 0 2 2 2 2 0 2 0 2 2 0 2 2 2 2 2 2 2 2 1 0 2 2 1 2 2 1 2 1 
d1301 2 2 0 2 2 2 2 2 2 2 2 2 2 2 2 2 2 2 
d1302 2 0 2 2 2 1 
d1303 0 2 2 0 2 0 0 2 0 0 2 0 
d1304 2 2 2 1 0 2 0 0 2 0 0 0 0 2 1 0 0 1 0 1 2 0 0 2 0 0 0 1 1 0 0 0 0 0 0 1 1 0 1 1 2 0 0 2 1 2 2 0 2 0 0 0 0 0 0 0 2 0 2 1 1 2 0 0 1 2 2 0 1 2 2 2 0 1 2 0 0 2 0 0 0 1 0 2 0 2 2 0 0 0 0 0 0 1 0 2 0 0 0 2 0 2 1 2 0 0 1 0 2 2 2 2 2 1 1 0 1 1 2 1 0 0 1 2 0 2 2 1 2 2 0 0 
d1305 1 0 0 1 1 0 0 0 0 
d1306 1 1 1 1 2 1 1 1 1 1 
d1307 2 2 0 2 2 1 1 0 1 0 2 2 2 2 1 2 2 1 2 1 1 1 1 2 2 2 2 1 0 0 2 1 1 2 1 1 0 0 2 0 1 0 0 0 1 2 2 0 
d1308 1 0 2 2 2 2 2 2 1 0 0 2 2 2 2 
d1309 1 1 1 2 0 1 1 2 0 1 1 0 1 1 2 1 1 1 1 1 
d1310 2 2 1 1 2 1 1 1 
d1311 2 2 2 2 0 2 2 0 2 
d1312 1 0 1 0 0 2 0 0 0 0 1 0 0 2 2 2 2 0 2 2 0 2 2 2 2 1 0 0 0 0 0 1 2 0 0 1 0 0 0 1 0 0 1 1 1 0 1 0 
d1313 1 2 1 1 1 2 2 2 1 2 2 1 
d1314 0 2 1 2 2 2 0 2 0 2 1 1 0 1 1 1 1 1 2 1 1 1 0 1 2 1 1 1 1 1 1 2 0 2 1 2 
d1315 2 0 2 2 0 0 2 0 2 0 0 0 
d1316 1 2 0 0 2 0 0 0 2 0 0 0 1 0 2 2 1 2 0 0 1 0 0 0 0 0 0 1 0 2 0 1 1 2 0 0 0 0 2 2 2 2 0 2 2 0 0 0 0 2 2 0 2 1 0 2 2 0 0 1 2 0 0 0 
d1317 0 2 0 2 0 0 2 0 0 0 0 0 
d1318 1 0 0 0 0 0 0 0 
d1319 0 2 0 2 1 0 1 0 2 1 2 0 0 0 2 2 0 0 0 0 2 0 1 0 0 1 2 0 1 0 1 0 1 2 1 2 2 0 0 2 2 1 0 0 0 0 2 1 2 0 0 2 1 1 2 2 0 0 1 1 0 1 0 0 2 2 1 1 2 1 2 0 0 0 0 0 0 
d1320 2 1 0 2 1 0 2 2 0 2 2 0 1 1 0 0 0 1 0 2 2 2 1 1 1 2 0 1 0 2 1 1 0 0 2 1 1 2 1 1 2 2 2 1 2 1 2 1 1 
d1321 1 2 2 0 2 2 2 2 0 2 2 2 2 0 2 2 2 2 2 2 2 2 0 2 2 0 
d1322 0 1 0 2 0 2 0 0 2 0 2 0 0 1 0 0 0 
d1323 0 2 0 0 2 0 2 0 0 0 0 0 2 2 
d1324 1 2 2 2 1 0 2 2 1 
d1325 2 2 1 2 2 2 0 1 2 2 0 0 1 0 0 1 2 2 2 0 0 0 0 2 2 0 1 1 1 2 1 0 0 2 2 0 0 0 0 2 1 1 2 1 0 2 0 1 1 1 0 1 0 0 2 1 1 
d1326 2 1 1 1 1 2 1 1 1 1 
d1327 2 1 2 2 2 1 1 1 0 1 2 1 0 1 2 1 1 2 2 2 1 0 1 2 2 1 1 2 1 1 1 1 1 2 1 0 1 1 
d1328 2 2 0 0 0 0 0 0 
d1329 0 1 0 1 1 2 0 1 1 0 1 0 0 1 0 1 0 0 0 1 1 0 0 1 1 1 1 1 2 0 1 1 1 1 1 1 0 1 1 1 
d1330 2 0 0 0 0 2 0 2 2 0 0 1 2 0 2 2 2 0 1 2 2 2 2 2 2 0 2 2 2 2 1 2 0 2 0 2 0 2 0 0 
d1331 2 0 0 2 2 2 0 2 1 2 1 0 1 2 1 0 0 0 1 0 1 0 0 0 1 0 0 1 1 1 0 1 0 0 1 1 2 0 0 2 0 0 1 0 
d1332 1 2 1 1 2 0 2 1 0 2 0 1 1 1 1 0 2 1 1 2 1 1 1 1 1 1 2 2 0 0 1 1 0 0 0 1 0 1 1 0 1 0 1 1 1 1 1 0 1 2 2 0 1 1 1 0 0 0 1 0 1 2 0 1 2 0 2 1 1 2 0 0 0 2 2 0 1 1 1 
d1333 1 1 1 1 1 1 
d1334 1 2 2 2 0 1 1 2 2 2 1 0 1 2 2 2 2 2 1 
d1335 0 0 1 0 1 0 1 0 0 
d1336 1 1 1 2 2 2 2 0 2 
d1337 0 2 0 0 0 2 0 
d1338 2 1 2 2 2 0 2 
d1339 0 1 0 0 1 2 2 1 0 0 2 0 1 1 2 0 2 0 0 0 0 2 0 1 2 
d1340 1 1 1 0 2 1 2 0 1 2 2 1 2 2 2 2 
d1341 0 0 0 0 0 0 1 0 0 1 0 1 1 
d1342 1 2 0 1 2 2 2 0 1 0 1 1 2 0 0 1 0 1 1 1 1 0 2 1 1 1 1 0 2 0 1 1 1 1 2 2 1 1 1 1 1 0 1 1 2 0 1 1 1 0 1 0 1 2 1 
d1343 1 1 2 1 1 1 1 2 1 1 2 2 1 1 
d1344 2 1 1 0 0 2 1 0 2 1 2 2 0 0 0 0 0 0 1 2 
