9
-1 27 
-1 1 17 
-1 1 
-1 4 6 7 
-1 1 
-1 26 27 
-1 24 26 
-1 18 26 
-2 25 
13
-1 15 
-1 8 19 
-1 24 
-1 13 26 
-1 3 
-1 13 15 
-1 1 
-1 8 26 
-1 8 15 
-1 24 
-1 15 27 
-1 15 27 
-2 8 16 
10
-1 12 
-1 10 
-1 10 
-1 15 20 
-1 20 21 
-1 6 10 26 
-1 16 26 
-1 24 
-1 24 
-1 24 
5
-1 8 27 
-1 0 3 
-1 3 23 
-1 11 16 23 
-1 22 
7
-1 12 17 
-1 8 20 26 
-1 0 1 2 14 19 
-1 7 20 
-1 23 
-2 25 
-2 11 
5
-1 26 
-1 21 
-1 22 24 27 
-1 10 11 
-2 24 
6
-1 12 
-1 14 23 24 
-1 27 
-1 26 
-1 10 14 22 
-2 15 
5
-1 20 26 
-1 27 
-1 3 
-1 19 
-1 11 13 26 
5
-1 9 17 25 
-1 24 
-1 0 5 10 14 25 27 
-1 0 15 24 27 
-2 25 
6
-1 13 14 16 22 23 26 
-1 8 13 16 
-1 20 
-1 11 
-1 13 
-2 8 
6
-1 15 17 27 
-1 7 10 27 
-1 10 16 
-1 9 
-2 24 26 27 
-2 17 24 26 27 
8
-1 9 27 
-1 18 
-1 6 24 25 27 
-1 16 
-2 6 14 
-2 5 15 23 25 
-2 16 
-2 21 25 
6
-2 27 
-2 13 21 25 27 
-2 25 27 
-2 27 
-2 6 25 27 
-2 6 27 
5
-1 10 16 23 24 
-1 1 8 10 
-2 1 15 
-2 6 
-2 9 17 24 
7
-1 2 4 14 19 
-1 6 7 19 
-1 25 27 
-1 7 25 
-1 2 5 18 
-2 7 
-2 7 22 26 
6
-1 2 19 24 
-1 0 2 4 7 14 19 24 
-1 20 
-2 5 
-2 27 
-2 27 
21
-1 5 
-1 11 25 
-1 0 14 
-1 0 27 
-1 24 
-1 11 19 
-1 16 20 25 26 
-1 1 20 25 
-1 8 
-1 3 20 
-1 25 
-1 4 
-1 17 25 
-1 5 
-1 1 24 
-1 0 4 5 11 16 17 25 
-1 24 27 
-1 25 
-1 16 
-1 19 
-2 16 
5
-1 0 3 20 
-2 18 
-2 17 
-2 27 
-2 17 
15
-1 5 
-1 8 
-1 27 
-1 8 
-1 27 
-1 10 20 
-1 17 
-1 6 7 19 21 
-1 15 
-1 17 
-1 12 
-1 1 23 
-1 27 
-1 26 
-1 2 7 14 17 
9
-1 5 
-1 18 27 
-1 22 
-1 22 27 
-2 27 
-2 6 27 
-2 27 
-2 23 27 
-2 13 
5
-1 9 17 
-1 0 14 
-1 8 
-1 10 
-1 22 
6
-1 15 17 
-1 17 23 
-2 8 
-2 17 18 
-2 20 
-2 22 
13
-1 14 17 23 
-2 0 14 
-2 25 
-2 0 1 5 19 27 
-2 0 27 
-2 1 10 11 
-2 4 
-2 27 
-2 8 26 
-2 10 25 
-2 16 
-2 8 16 
-2 16 20 
5
-1 26 
-1 24 26 
-1 21 
-2 24 
-2 21 24 
11
-1 26 
-1 27 
-1 8 
-1 25 
-1 11 21 26 
-1 19 
-2 0 7 10 27 
-2 0 1 10 
-2 11 15 
-2 10 25 
-2 10 27 
11
-1 4 24 
-1 27 
-1 11 22 24 
-1 25 
-1 22 
-1 16 27 
-1 16 
-1 2 11 23 
-1 9 17 18 
-1 22 
-2 15 
10
-1 10 
-1 1 14 15 
-1 2 19 26 
-1 7 22 
-2 11 
-2 11 25 
-2 11 25 
-2 7 13 27 
-2 13 15 
-2 15 
5
-1 6 8 
-1 5 
-1 27 
-1 7 15 26 
-1 7 8 13 26 27 
6
-1 24 
-1 15 16 
-1 12 18 20 
-1 25 26 
-2 15 27 
-2 15 16 25 26 27 
5
-1 4 21 
-1 20 
-1 19 
-1 18 
-2 18 27 
6
-1 1 
-1 1 
-1 12 13 
-1 21 
-2 16 
-2 5 15 27 
5
-1 19 
-1 21 26 
-1 1 2 19 24 
-2 27 
-2 3 27 
7
-1 17 25 
-1 24 27 
-1 7 11 19 
-1 1 7 8 12 26 27 
-1 0 27 
-2 23 
-2 12 
8
-1 12 
-1 11 
-1 20 26 
-1 16 22 
-1 16 
-1 7 21 
-1 7 
-2 21 
6
-1 7 
-1 27 
-1 4 6 9 
-1 4 9 
-1 27 
-2 1 2 19 
7
-1 18 
-1 1 26 
-1 0 2 10 14 19 23 25 
-1 24 
-1 8 16 
-1 3 9 17 
-2 24 
6
-1 3 
-1 26 
-1 4 
-1 25 
-2 1 
-2 7 8 
5
-1 27 
-1 13 26 
-2 23 25 
-2 23 
-2 18 25 
6
-1 27 
-1 22 
-1 0 27 
-1 13 22 27 
-1 16 
-2 16 27 
9
-1 22 
-2 1 27 
-2 27 
-2 13 
-2 25 
-2 13 17 
-2 17 
-2 25 27 
-2 13 25 
5
-1 13 
-1 4 21 
-1 10 13 
-1 2 10 19 
-2 13 
9
-1 21 
-1 10 
-1 11 14 
-1 10 11 20 
-1 11 12 19 27 
-1 15 
-2 15 
-2 5 9 11 
-2 20 
6
-1 18 
-2 24 
-2 24 27 
-2 24 
-2 9 
-2 27 
9
-1 17 26 
-1 3 12 
-1 3 17 
-1 12 
-1 17 
-1 17 21 26 27 
-1 17 
-2 17 
-2 19 22 
7
-1 5 
-1 5 
-1 17 
-1 4 9 17 27 
-1 17 
-2 17 
-2 7 27 
9
-1 3 
-1 21 
-1 26 
-1 4 16 
-1 17 
-2 8 27 
-2 6 27 
-2 13 
-2 25 27 
5
-1 6 9 12 
-1 3 24 
-1 15 
-1 0 4 13 16 21 
-2 21 22 27 
11
-1 15 
-1 9 
-1 10 
-1 7 15 27 
-1 19 22 
-1 25 
-1 7 
-1 7 
-2 25 27 
-2 0 1 
-2 15 25 
6
-1 18 
-1 9 
-1 12 
-1 3 
-1 12 
-2 20 22 25 
10
-1 13 
-2 10 14 23 24 27 
-2 18 27 
-2 10 17 24 27 
-2 10 24 
-2 4 10 
-2 10 23 
-2 27 
-2 13 
-2 1 
13
-1 0 
-1 3 4 10 23 24 27 
-1 3 7 27 
-1 5 15 
-1 24 
-1 15 16 
-1 15 
-1 21 23 
-2 2 19 24 
-2 0 7 27 
-2 4 22 23 26 
-2 13 17 
-2 24 27 
6
-1 11 
-1 19 
-1 5 12 27 
-1 25 
-1 27 
-2 15 
6
-1 6 27 
-1 5 21 23 24 26 27 
-1 5 15 27 
-1 22 26 
-1 18 27 
-2 21 22 23 27 
9
-1 6 15 
-1 17 
-1 7 24 26 
-1 1 7 21 22 
-1 11 
-1 22 
-2 27 
-2 27 
-2 5 27 
5
-1 11 
-1 26 
-1 24 25 
-2 6 27 
-2 27 
5
-1 21 
-1 16 
-1 25 
-2 27 
-2 18 27 
5
-1 12 26 
-1 17 
-1 1 
-1 24 27 
-1 24 
9
-1 12 17 
-1 23 25 
-1 18 26 27 
-1 24 27 
-1 7 26 
-1 1 13 
-1 6 18 22 25 
-1 12 
-2 11 17 25 27 
6
-1 18 
-1 10 
-1 6 9 
-1 9 
-1 4 17 
-2 11 14 
6
-1 10 17 23 
-1 10 17 18 23 
-1 12 
-2 7 15 27 
-2 27 
-2 7 9 15 17 26 
7
-1 12 
-1 9 27 
-1 10 15 
-1 24 
-1 24 25 
-2 22 25 27 
-2 24 27 
7
-1 13 
-1 2 4 13 19 
-1 23 
-1 5 20 
-1 4 18 22 24 
-2 20 
-2 13 
12
-1 0 26 27 
-1 7 
-1 26 
-1 3 8 
-1 7 8 26 
-1 22 24 
-1 25 
-1 9 22 24 
-2 26 
-2 8 
-2 24 
-2 25 
7
-1 7 22 
-1 7 22 
-1 1 21 27 
-1 0 7 14 
-1 6 
-1 3 
-2 16 
5
-1 9 11 19 
-1 15 
-1 7 22 
-1 11 21 
-2 27 
8
-1 8 9 11 27 
-2 18 
-2 4 12 24 
-2 11 18 
-2 6 15 
-2 16 
-2 3 16 25 
-2 25 
5
-1 5 24 
-1 20 
-1 10 13 25 
-1 11 
-2 20 25 
15
-1 10 18 23 
-1 11 27 
-1 22 
-1 9 27 
-1 15 27 
-1 6 27 
-1 10 22 27 
-1 4 16 
-2 11 22 
-2 26 
-2 13 
-2 15 16 
-2 14 
-2 4 11 13 16 27 
-2 27 
9
-1 22 25 
-1 14 15 
-1 13 
-1 25 
-1 26 
-1 5 6 12 
-1 0 1 2 3 8 11 15 21 25 26 27 
-2 22 24 
-2 3 5 18 
9
-1 2 19 
-1 0 21 27 
-1 21 24 
-1 20 
-1 1 3 12 16 27 
-2 8 9 18 20 22 
-2 25 
-2 27 
-2 20 
11
-1 5 
-1 27 
-1 0 2 19 22 
-1 0 15 27 
-1 22 
-1 13 21 25 
-2 16 27 
-2 6 8 
-2 8 
-2 10 27 
-2 7 22 27 
11
-1 27 
-1 10 23 
-1 11 
-1 15 27 
-1 19 
-2 1 8 
-2 26 
-2 8 
-2 8 18 20 27 
-2 10 17 
-2 13 
6
-1 10 12 23 
-1 9 10 
-1 4 9 
-1 10 
-1 10 12 17 23 24 
-2 0 20 
8
-1 5 
-1 23 
-1 8 
-1 0 2 14 
-1 2 
-1 2 19 
-1 22 
-2 11 
5
-1 23 
-1 24 
-1 8 
-2 24 
-2 24 
